7.401917,1.872007
7.387130,5.754185
2.416709,2.367255
7.433633,7.245076
7.531721,2.400874
2.259677,6.883672
5.870514,5.074079
5.904555,4.402131
3.325269,2.956476
7.260587,8.446257
6.797184,2.380306
2.388717,7.363489
5.822853,4.435350
7.748946,2.459545
7.937796,1.741772
2.767054,7.340738
2.699826,6.702710
1.477742,2.669573
7.664855,7.629725
6.544000,2.352792
7.494011,1.911521
5.780455,5.255163
7.433239,7.457215
8.322407,9.037156
6.265888,4.797103
6.817225,2.518838
7.819136,2.437110
8.252048,2.238655
5.530558,0.339956
1.584074,2.364254
2.613842,7.413962
8.351924,2.755251
7.439024,2.828045
7.543791,2.650149
6.090789,4.904251
7.606763,2.275849
3.174368,0.742561
1.826170,8.093249
7.119088,5.742441
7.096382,2.902204
7.436867,2.167022
2.104865,9.184707
7.280495,3.184285
7.981639,2.360871
7.826557,1.840686
6.985630,1.448152
7.705912,6.689458
1.944922,3.156238
7.366996,2.920493
7.484862,7.313016
2.746438,3.985659
7.663527,7.659039
7.251858,2.900397
8.028077,2.675310
1.969054,2.499355
2.232581,8.094615
6.299670,4.192707
3.219989,8.322977
8.100296,7.611683
6.099269,5.169426
1.644444,2.229750
6.314979,5.166580
7.288285,7.135192
3.024129,8.789355
2.848463,2.239717
6.287881,4.746513
3.749756,7.527157
3.701225,7.969443
3.311098,2.083284
7.598298,2.973549
7.653853,9.036774
7.359193,7.724545
7.461453,2.500564
7.539530,2.296755
6.875989,7.716778
7.759618,2.731138
7.727503,7.444260
9.015333,2.242078
8.632132,2.959714
7.028759,2.045472
1.852301,2.608683
5.584373,5.049429
7.476260,2.779874
7.815335,6.459933
5.657078,4.893162
2.218849,1.764794
6.363587,6.191767
2.811671,7.720920
5.894932,5.418231
7.322990,2.179350
5.874714,5.333352
7.231316,7.752154
4.759546,9.258695
6.826983,6.236058
7.712198,8.145294
7.496162,8.428840
5.607182,4.873627
3.307342,7.403800
7.797220,3.053888
6.987030,6.490750
6.537877,7.673811
6.926056,7.444561
3.649416,3.198804
7.472190,2.463508
7.116683,2.280692
6.994937,1.901790
7.496883,2.389648
8.198720,2.761423
6.124117,4.866930
5.779097,5.045068
2.686690,2.167559
7.881800,2.831050
2.717126,7.656857
2.766064,1.611253
5.789143,4.488812
1.538388,3.369606
6.173465,4.785170
5.638340,5.193454
7.899608,6.801166
6.328377,4.592375
2.348114,7.012433
8.032111,9.177886
5.605521,4.913891
6.760479,3.243447
8.265044,6.742816
7.175446,7.364901
3.009284,7.609365
6.044187,5.042119
9.286036,1.667171
7.486906,6.098702
7.292288,1.723740
2.150628,4.987166
4.421245,2.876546
7.928809,3.007866
6.036974,4.574859
4.700813,0.045967
7.417202,7.857317
3.420729,1.110711
1.488317,1.982505
2.406374,8.134714
9.039232,6.837320
6.178933,4.812845
7.312275,8.200654
6.784569,8.581755
3.535606,1.327650
2.355032,7.641314
7.950001,2.085054
7.845704,7.192449
8.708865,2.548274
5.641112,6.701121
8.735003,8.007883
1.568599,3.070547
7.941497,2.570571
0.872790,2.582831
6.884607,7.710132
2.434761,2.940668
6.424081,2.750962
7.114513,6.120282
7.424689,7.912845
7.763511,3.084005
2.192176,7.122057
6.567522,8.013960
7.308449,2.798616
5.868300,4.662931
7.642686,7.518418
7.331695,2.666062
2.649475,7.409702
6.209961,5.056429
3.376084,6.865938
1.945573,7.929385
7.747098,2.576099
3.173969,1.171872
1.858999,7.277357
6.986511,3.086887
7.352993,2.428614
8.321688,6.232652
7.318269,2.610275
6.192908,5.118436
8.123156,8.142775
7.436490,2.892004
7.437021,2.459178
8.440608,5.961065
5.977134,7.601377
5.185254,1.465240
1.523187,7.004392
9.258324,7.643661
8.493586,8.136436
6.507937,7.598726
2.372210,2.193211
7.327617,3.115058
7.408747,2.186204
2.584913,2.018680
3.001733,2.244559
3.474774,6.305398
3.014269,6.864731
6.393388,5.322901
8.003956,2.409800
2.088069,2.592571
7.357308,2.666251
2.662619,2.016559
2.507800,7.691883
7.231117,3.019549
7.285845,1.790028
8.014448,2.820877
7.147355,2.697119
1.708327,7.512131
2.531073,8.143486
7.434329,7.875468
7.151190,7.970901
6.167056,4.597802
7.978966,6.773704
8.038711,3.026531
6.124086,4.815742
2.715512,7.212155
5.972813,4.951722
6.980986,6.348508
5.968310,4.701637
7.650186,7.620563
6.843547,7.690310
7.107159,7.537987
7.620227,2.524400
5.980291,4.911338
8.422678,2.430766
7.207299,2.892461
6.319276,8.380521
7.537956,2.594266
6.093240,5.046339
7.132233,2.831478
8.763780,7.709833
7.488944,7.547696
2.002915,3.217381
7.202409,2.329632
1.317762,7.509664
3.053472,3.042767
2.255306,3.166809
7.184640,2.274577
7.696785,2.517457
6.413371,6.864222
7.678934,3.129798
2.421812,8.342932
3.149220,7.745059
7.730833,2.853145
5.955630,5.489129
2.857835,2.180969
8.345269,1.648326
2.508680,2.819429
2.359004,7.276420
3.057876,6.977182
8.173867,8.023934
6.590823,4.769774
5.948952,4.382665
7.491874,2.792035
2.767782,8.619195
8.096991,2.296429
7.622485,6.666742
7.379544,2.028997
7.233710,2.108224
7.523451,7.332652
2.788166,2.723164
5.837494,4.950917
8.371981,7.349499
1.941048,3.278736
2.062748,7.609617
7.870343,7.364645
7.144995,7.056617
6.627059,7.716110
7.299436,7.446221
7.200773,0.188677
6.524798,7.960324
6.947427,2.022562
7.978610,6.663632
7.666472,2.269004
7.902289,2.113128
1.369382,3.374378
1.307008,3.627265
5.704305,7.011588
7.543071,2.495995
7.093373,1.977346
3.109004,2.643859
8.153346,8.147400
7.062879,2.257318
6.841349,1.735987
6.769959,8.707613
5.817082,7.646804
6.875272,2.343407
7.793492,8.125441
2.294741,7.029274
7.303118,7.646761
6.185607,7.701231
2.669445,2.040944
2.328060,7.638733
2.541287,7.274707
2.510919,7.651855
1.891116,1.931289
2.667576,7.074069
5.936688,5.422006
6.271557,2.213891
2.468543,7.937897
7.406754,6.758381
2.603075,7.120767
8.222890,7.944337
2.542086,3.386507
6.978696,7.333826
7.631477,2.954909
8.188965,7.694384
7.280625,2.812134
6.831516,2.399374
6.992743,7.970304
7.990074,7.855309
7.343722,2.024775
6.047718,5.465809
8.999014,7.846889
2.824727,8.049999
5.971801,4.558314
6.841658,7.943582
7.003348,7.761462
7.196521,2.875448
3.161265,5.049199
5.969299,5.334801
6.789221,7.215542
7.989568,2.989480
2.728257,7.259938
6.711330,2.286557
2.502855,1.758835
2.408300,2.537148
2.775157,1.533785
2.942822,2.768333
2.165704,8.182032
6.240238,5.058937
4.962181,1.839858
6.267201,5.209768
8.248651,7.304423
6.803944,5.629270
6.425945,4.888358
1.502228,7.748836
7.121252,2.749642
7.000308,6.619441
2.154567,6.567798
2.744022,2.765263
2.750503,2.303125
7.018505,2.409323
3.736008,2.185871
3.035862,8.275857
7.852343,2.423981
3.103718,1.752754
8.589934,0.662603
2.338940,2.769840
6.662376,4.431169
7.297590,2.820400
7.576720,2.853538
6.125503,8.367173
5.384356,5.118925
5.384299,5.338216
5.483077,1.586141
8.046500,7.361045
7.839753,8.611751
2.580859,7.136281
7.542060,3.552440
2.285538,7.094155
2.467985,1.863055
6.048930,4.987730
2.603477,3.008790
7.731636,8.433036
2.691951,3.570277
5.863508,4.690003
6.985310,8.987456
2.096297,7.150327
6.806724,4.086315
3.058805,4.076110
3.151420,3.576115
6.091713,4.542773
8.909965,6.595989
6.800870,6.709525
5.698163,5.176816
7.669430,7.696702
7.256106,7.838239
8.013035,6.439833
7.959085,8.640030
6.442615,6.747251
2.246682,1.600879
7.321422,8.037497
7.291952,2.299211
6.156901,5.617436
7.706553,8.087692
7.034680,1.974216
7.829017,6.057494
3.624338,2.303670
7.607868,1.948522
6.024697,5.157613
8.489940,2.513880
7.489881,7.342762
2.652505,7.722059
1.641887,2.055125
7.187196,2.286575
6.012849,4.988243
5.995820,4.634009
7.002955,3.149315
7.826349,7.424367
7.547170,2.787033
6.759728,2.758849
7.395457,3.042745
8.439994,6.660994
1.850953,8.210156
2.691251,6.736402
8.044749,2.179184
6.463093,1.660773
5.826194,5.279423
7.045968,7.531222
5.615983,5.026871
6.894426,7.778090
7.245546,2.611604
7.768587,2.764757
7.937752,7.819318
5.902862,5.065494
2.524614,6.849517
6.759528,2.898050
9.420781,1.614361
7.872426,1.483470
7.520743,2.925638
5.973170,4.574125
2.019200,2.052227
7.904851,2.878911
2.194624,7.085227
7.875243,7.542075
6.558028,2.516364
7.039271,7.239845
4.162607,3.970076
7.518722,2.383737
7.455886,1.761357
7.645495,1.783603
1.380696,3.521412
7.182887,1.191231
5.750097,5.011807
7.401196,5.717492
8.163904,2.353085
2.847149,7.079380
7.636772,7.464918
6.615703,7.525974
2.019362,2.879719
7.436596,3.592513
7.731161,7.497485
7.504659,3.202527
6.956922,2.546966
3.023125,7.787796
8.766684,7.093375
6.224810,4.705390
2.138012,7.218757
7.660735,8.945490
2.308864,1.818687
6.233895,4.795071
8.278710,7.198659
2.713386,3.013722
5.704210,1.993240
1.779368,7.333650
7.546621,8.139811
7.655758,1.398062
7.354151,2.588620
2.822614,8.947421
9.905763,5.843478
1.642781,7.402091
8.049291,7.199624
7.596131,7.272094
3.290649,1.935548
7.920346,7.992262
7.714546,2.636171
8.089132,2.697548
2.198364,8.215546
0.868750,1.346590
2.178486,6.677869
6.578063,7.909958
2.885480,7.597885
5.712969,5.309412
1.976558,2.207085
7.184718,3.374802
7.012977,2.203999
7.139488,1.889851
9.675236,1.380014
7.788772,7.815963
7.174144,3.188981
7.445157,2.651205
7.456162,3.075276
6.715516,4.914743
5.677850,3.792205
7.559177,0.713852
6.185599,5.339086
7.617054,6.720190
6.091959,5.053693
6.922706,2.450089
6.750407,2.427749
7.177609,7.954424
6.630762,7.768799
2.384548,2.913047
2.357440,2.202626
7.647944,7.149569
7.457354,3.033052
7.706721,2.738342
6.695020,8.515453
5.573775,4.687479
7.357507,7.451811
7.526075,1.706315
8.618026,7.426435
7.699872,2.330643
6.260596,4.670617
8.003121,6.521426
2.677635,7.455776
5.787336,5.003258
7.736731,6.945666
7.811099,7.792026
1.614214,6.713754
2.479715,6.829747
7.561579,1.790601
6.923669,2.385943
6.912094,2.151537
8.105753,3.479815
6.388777,4.828936
6.715936,5.024590
2.902888,2.677081
2.251351,7.343570
7.708222,2.004165
2.599724,7.393728
7.990312,8.271871
6.929380,6.831287
7.869720,3.057878
2.578687,7.028106
7.183457,1.901316
2.851142,7.368284
7.246204,2.937708
8.562388,7.874603
7.693398,1.610373
1.459890,2.564332
6.460627,5.290171
6.111302,5.312102
1.994573,8.092946
1.866716,7.695244
7.433056,2.291313
7.648615,2.591716
3.415709,3.751459
2.009752,2.826189
0.450012,6.704382
2.665375,2.422669
2.228303,7.868092
6.409230,8.002552
8.058652,6.810666
2.982988,7.923612
8.276835,9.595556
2.640614,8.343981
7.827813,7.154693
8.282608,7.096179
2.447637,8.474444
8.343938,8.061096
1.873722,2.050353
1.849157,7.150913
6.210652,5.122838
6.648432,7.507156
6.078194,4.671087
8.555568,7.399570
9.867864,7.350350
2.019777,1.268429
5.964853,7.618481
1.999892,7.647749
8.348583,7.056804
7.073394,2.378471
2.581829,7.631118
1.743958,7.024108
7.632299,7.732177
8.953199,7.557953
7.697372,1.729963
2.373236,7.598568
8.127812,1.563411
6.490547,7.295839
6.839485,7.376534
2.341851,7.260094
8.637403,7.784048
1.620451,7.738479
2.469989,2.247221
2.396943,2.795283
2.986694,2.346934
0.246791,9.256632
8.179896,6.796772
7.357848,1.711468
8.923724,7.688346
8.119010,2.168643
7.169332,2.197112
7.936081,7.823369
6.088778,5.199238
6.574654,8.161741
2.708843,2.530909
2.626298,7.434842
5.987060,4.919551
7.274704,7.878134
2.516724,7.992822
7.766143,2.074814
6.703297,7.831427
2.612294,7.181824
6.724674,2.203810
1.607533,9.380253
2.608033,1.068917
5.232585,5.316334
8.615705,7.804391
7.510863,2.563815
8.063203,2.355091
7.133025,2.127131
5.814515,4.704911
2.915264,2.409208
2.233322,1.351507
3.014742,3.584302
5.763253,4.688556
7.408806,1.123537
9.635033,0.986917
3.078557,8.262138
2.719643,6.903007
5.313965,4.771980
2.148423,2.466630
2.156309,8.157791
1.726021,2.692114
2.506121,1.657932
7.700317,8.804770
3.094807,8.126217
8.609030,5.632607
7.339498,2.405077
3.195655,3.330347
6.254370,4.610001
5.909677,5.035212
7.446200,8.212994
6.073860,8.556176
4.964926,1.289573
6.812548,8.507477
3.052498,3.607423
7.861098,1.924968
7.514926,7.271831
7.691115,8.055633
7.278748,2.244864
6.381427,1.766362
7.930520,5.794432
0.862332,0.817225
6.656232,2.066643
7.813688,2.658174
7.232639,2.930339
7.740098,7.642974
5.759109,4.927385
3.063005,7.916080
2.540449,2.013056
2.618966,6.311275
2.819551,7.479359
3.829612,1.131306
8.656137,9.163950
6.915380,7.211298
7.069387,2.384782
2.905785,2.332453
8.463055,6.618784
2.171716,8.828882
7.506473,7.069668
8.430036,8.102262
6.659237,7.766309
7.537704,2.505232
7.500295,1.318147
8.431976,2.510682
8.711947,7.128763
2.900566,2.737601
0.963956,4.837614
7.514785,2.714819
7.855279,6.905796
7.581451,1.716610
6.521300,2.560022
5.758006,4.749833
2.571367,8.395578
6.218528,6.247673
7.293709,7.774174
2.639811,1.514211
7.687000,2.127038
7.460624,2.530150
6.909117,1.679247
6.386846,8.213438
7.754390,6.709093
2.792280,7.616317
2.678062,6.620551
5.967447,5.431840
7.035313,6.576387
7.063013,2.688628
3.449635,7.498341
2.575819,2.064056
2.072935,6.970242
7.766476,2.580804
6.931571,5.632836
2.630352,3.371215
7.029628,2.770690
7.132991,6.760749
8.011027,3.250708
7.840942,2.915735
2.986618,6.584460
7.065857,8.322136
6.280321,5.104447
3.393077,1.483642
6.369075,7.115041
2.448594,7.308497
2.476064,8.056603
6.796325,2.976831
5.283687,9.844949
6.588222,8.422549
8.440416,7.375860
6.203488,1.935483
3.378425,4.636224
2.284192,8.438475
9.722406,4.397198
7.370025,2.412164
7.433202,2.560213
7.584441,2.276872
6.189177,7.052179
7.302809,2.854929
2.381531,7.234439
9.310249,3.253886
3.227460,2.976328
7.500002,2.371192
7.125992,3.572216
7.372436,7.973453
5.911462,4.848959
6.124323,5.275673
6.922090,6.315652
6.420262,8.302130
2.329054,7.461910
5.800179,4.652275
5.688140,4.573161
2.138196,3.292053
7.916436,3.091724
2.524197,3.594870
7.790503,2.641550
8.382555,7.742612
5.882362,4.685463
1.659826,7.303391
5.078016,1.658626
7.498889,2.465551
0.770605,1.206399
6.766395,6.643388
2.355170,7.016333
3.147673,7.912119
2.837498,7.576207
7.570042,8.130608
7.300045,2.448150
6.911400,7.897128
6.248722,4.941733
2.035104,2.547652
6.483354,5.713970
2.561320,3.104990
8.617613,6.950673
6.528991,4.516616
7.440396,2.382295
7.015008,2.963625
2.271476,2.787293
3.171204,3.827838
7.310809,2.303448
2.364611,2.059977
6.332245,4.564827
9.150618,6.583562
8.164142,5.946972
6.887842,8.018145
9.439805,6.369941
8.312975,2.071630
7.519450,2.227691
1.269339,1.091526
8.088304,1.494902
5.714390,5.153180
8.283310,5.797153
2.143303,7.885438
3.116982,2.532174
7.850859,2.823483
7.268726,1.797006
7.385945,7.827484
5.828202,4.911001
7.456665,2.537566
5.809595,4.790503
7.879198,6.791760
7.501959,8.454349
5.477312,4.641779
7.501399,2.861562
2.014448,7.156135
7.423299,7.361003
8.141476,2.883156
2.377076,7.284676
2.846392,6.788518
6.846530,2.331057
2.520172,1.104145
2.512398,1.811431
7.648662,2.818136
5.764881,4.754681
6.353158,7.185931
2.012454,2.524465
7.909976,8.823598
7.512105,2.219599
1.918914,1.795592
5.807475,4.728966
7.815519,6.782781
2.894236,7.883589
6.078827,4.969266
7.341901,2.030300
6.677618,3.477878
7.474287,2.414923
7.276723,2.133748
6.704424,7.387171
6.369721,5.000273
8.294726,6.624906
7.408318,7.033921
2.222223,2.279958
6.818597,8.174535
7.542752,7.935079
2.143724,2.751859
6.074195,4.929240
7.157000,2.923167
6.526322,2.999620
7.304304,2.606213
2.215794,2.183631
8.151352,3.107738
7.277774,2.385577
2.949074,7.592099
2.725295,3.458453
1.910780,8.628397
3.017991,8.192201
6.321858,5.100913
7.332013,8.690678
3.187763,3.828022
6.236476,5.143795
2.589847,7.751544
6.364811,4.963601
7.024536,2.834926
7.913772,1.845973
1.773134,2.036450
4.387003,4.463842
7.001674,8.589416
1.292951,3.236254
8.059014,2.329044
8.600146,7.132084
6.027628,4.685574
7.467956,7.823769
2.102678,2.571012
6.858679,8.531314
7.199521,2.791457
2.682581,7.630095
5.694836,4.417257
6.587718,4.968016
7.668633,7.236044
3.066438,2.771393
6.870725,7.141543
2.666668,3.000763
7.519378,6.982681
5.867143,5.112721
5.621470,5.337118
7.600226,8.530814
2.531118,2.727693
2.509492,1.926756
7.444041,6.629390
7.190145,2.084735
1.796529,9.780424
8.553044,2.354187
6.858986,2.581885
7.525222,7.405089
8.122918,7.693469
8.012000,7.691613
1.672806,7.965931
6.693228,4.896283
2.851991,6.493262
7.558855,3.315112
0.570008,2.706290
4.746224,3.340579
2.622362,2.441133
5.975908,5.061512
5.733785,5.452725
2.429467,3.442178
6.067794,5.182739
7.575427,7.351437
7.414055,3.104556
5.831336,1.675564
7.806212,3.384287
1.548084,2.229374
6.008945,5.318797
2.898098,1.737886
7.404180,6.613243
8.742439,0.910356
6.883486,3.137434
7.724904,1.617787
9.054892,8.078615
1.714737,7.499730
9.241988,6.864235
8.448233,6.942968
3.249277,0.998390
5.670089,5.285024
2.478009,6.576762
6.604322,6.070337
5.831001,4.931655
1.879678,7.479678
6.983335,7.586534
7.901370,7.140137
2.265541,8.833025
8.417543,2.613205
2.357285,7.361357
8.011230,1.705922
1.593162,2.687630
7.252657,2.250684
3.377708,4.361617
8.273019,3.083263
6.919667,7.372731
5.615082,4.888277
7.431125,2.019147
2.604696,7.822844
8.405745,3.263825
2.887560,6.882930
7.198603,6.951833
2.608923,2.511787
9.218874,1.930741
5.533655,5.007826
6.063561,5.371782
6.410950,2.521909
7.387934,2.555783
6.151950,4.974227
7.657163,2.360591
6.756479,1.841685
7.702347,2.838524
6.545975,7.387989
5.766314,5.231511
7.459790,2.835397
7.838945,7.471051
8.120440,3.432789
7.808569,3.075330
7.260424,7.019229
7.962719,2.464218
7.384489,6.689443
2.535690,3.198001
7.738349,8.264683
7.259520,7.407361
7.594116,7.700951
7.225615,1.821739
2.004951,4.132088
6.966934,8.038653
5.982164,5.319642
2.347622,1.384500
5.801008,4.400457
9.220028,6.592765
8.553851,6.912718
7.079288,3.224075
7.467665,0.903220
2.759461,7.261750
3.383924,7.637046
7.546114,2.971327
2.835804,7.251428
7.673472,7.332556
2.829929,2.704995
7.083850,7.253660
7.083603,2.762742
3.103556,8.048512
8.095502,2.236952
7.181725,2.687807
5.560221,4.443782
5.112357,1.521194
8.167899,7.195497
8.230280,7.690012
6.927259,7.829047
8.547997,6.403548
6.714247,2.658758
2.977277,1.993102
7.992029,6.811375
7.746677,2.479139
7.911561,1.528266
5.715037,4.942025
7.038290,2.107186
6.354937,2.231213
8.295751,2.382147
7.323582,7.187640
2.039239,7.453993
8.147234,1.870524
1.377711,4.288525
7.021191,2.429875
2.372186,7.327894
8.123387,1.948350
7.551580,2.385934
6.040577,4.732117
7.454112,6.744070
7.155465,8.371905
5.365516,4.990504
7.110602,7.626052
5.788068,5.200049
2.301167,7.775007
1.769535,7.420293
3.301044,7.276519
7.637050,1.437214
6.914032,7.478404
9.655355,1.026417
6.777924,3.302352
2.578783,8.057006
2.889039,6.302216
7.046829,2.809125
1.061889,2.730943
1.916155,2.144412
9.817162,9.746571
6.128214,5.108724
7.209150,6.396077
7.789106,2.242401
6.547603,8.145511
6.436646,4.966134
5.460779,4.891150
6.939871,7.137650
7.934532,7.466947
7.870423,2.351042
7.510664,2.854569
7.274246,2.656387
6.317681,4.791526
7.078944,9.068454
5.933026,4.772478
2.071689,7.565946
6.973088,2.004005
8.111414,6.686008
2.058389,7.309271
7.022604,8.685251
2.568027,7.444875
7.585147,7.946116
2.704876,2.410502
0.729848,2.864903
2.763515,6.967860
6.635173,2.283893
5.734465,4.751313
2.271879,7.432945
5.943327,4.520727
6.879992,8.243241
7.562282,1.390032
3.747433,1.433699
7.797035,7.901488
6.365025,2.793817
0.823987,7.019062
2.034322,6.932698
2.678091,7.589960
0.180208,7.930190
7.376139,2.860230
7.752457,2.668185
8.869953,6.267229
2.416216,2.262620
7.168596,7.314511
7.169794,2.560510
2.875381,7.413721
2.950480,7.170916
7.706457,3.018457
6.304616,4.353109
7.676718,2.243362
2.620591,2.398450
7.366602,1.771774
7.876421,7.337139
2.329431,8.146679
2.678820,2.751979
2.162145,9.939825
8.097605,2.784217
7.551124,2.700639
7.241685,8.441539
5.632131,5.182048
7.276948,2.789258
7.713178,3.410004
7.539060,3.132998
6.239416,7.553389
6.631026,2.987088
9.141120,3.681176
6.884771,8.054374
5.700646,4.409146
2.278015,7.677200
8.267001,7.969335
8.103794,7.488099
7.737159,2.202200
7.638713,3.127522
7.673888,8.012994
7.633153,3.112708
3.119915,2.479866
2.313572,8.469513
7.973184,2.974466
2.775398,7.101007
6.516537,6.645241
7.671223,6.527968
2.798985,7.479468
6.764778,7.809443
6.285265,5.469765
7.086049,8.252282
7.773050,4.930021
2.415024,6.903472
6.691257,2.500617
7.239626,7.442664
7.332232,7.457980
2.944891,6.711256
2.133139,7.454760
2.825722,2.954004
2.166504,1.950709
8.040235,8.339453
2.093236,7.446970
2.919750,2.682738
7.987499,2.447986
3.121592,2.984372
1.416985,3.164815
8.254347,6.552874
7.420845,7.972236
8.674867,2.273986
1.950480,2.855821
1.766490,7.331148
7.503700,5.985526
7.403333,8.078807
7.034884,6.919558
4.019786,5.977183
6.770013,7.275256
2.315322,7.748335
2.502014,2.389150
2.278374,2.439986
7.196474,8.109261
7.524177,7.873796
3.064267,2.222570
8.262810,2.433701
2.512812,1.686306
7.823022,7.968094
6.000602,5.146605
7.303641,2.643991
7.802395,6.998624
7.568041,7.512496
2.279037,7.413047
7.716805,7.705707
7.904836,2.681939
6.696747,7.297657
2.953912,2.386061
2.833338,7.369917
1.481872,3.141798
6.032377,4.621864
6.346901,4.920632
2.701730,7.527402
1.855907,2.491301
3.120720,8.068447
2.955951,1.766925
6.836984,2.642273
1.292806,2.146605
2.258074,7.367343
5.907369,5.135891
7.577443,7.600809
1.963638,3.042310
8.053735,6.947452
7.267597,8.111252
7.259508,8.305126
7.329858,1.912671
5.923592,4.998863
8.018280,8.150727
3.122899,1.312457
2.866792,3.022290
1.979199,2.430621
6.086142,4.911243
2.047427,7.347585
7.737816,6.683161
7.662438,7.982789
6.182700,5.148004
1.923503,7.189551
6.148492,4.964743
9.097227,6.620107
6.882439,8.954696
8.101150,2.055029
2.802147,0.668098
3.300874,1.247442
6.015632,4.718996
1.185155,2.693282
3.948278,1.357666
7.605764,6.751665
7.997551,2.822817
7.426797,7.641832
8.888531,4.826558
7.083858,3.917507
7.569739,2.183750
6.075676,5.480056
7.569515,2.331796
1.911752,7.011995
2.527246,7.360634
6.988185,7.980784
7.153449,1.685042
1.817566,2.291136
8.211467,7.198517
2.065798,1.948679
5.634014,5.078983
2.697281,3.150402
8.107762,8.297405
7.295882,7.575654
7.666512,7.328910
7.016008,6.705992
0.669297,2.556807
6.568015,6.497787
7.038560,7.852269
5.746223,4.469016
7.104648,7.685911
7.256396,1.229714
7.667193,2.653234
7.930240,7.449257
3.295273,8.204705
6.470126,1.719561
7.286867,6.519459
6.388719,4.562972
1.679643,7.473498
2.710451,2.669399
1.369193,7.603939
7.567835,8.265198
2.313103,2.646213
7.351776,2.160329
7.362382,2.156756
7.594443,6.900525
2.418163,7.307491
6.024660,5.272897
5.958396,7.998576
8.404299,7.064165
7.030799,2.671283
7.295601,2.726922
6.428563,5.205579
6.814191,7.366266
8.565350,7.533316
7.469715,6.845061
7.556746,8.140934
6.348566,4.622737
7.789607,2.773233
6.350731,2.525099
7.771226,7.410294
7.866222,6.741487
2.911228,1.980313
2.521421,1.811196
8.339930,8.266332
6.879599,8.125053
6.432191,7.407020
1.962584,7.036034
0.484459,2.774873
9.429052,7.387011
2.917887,2.844128
7.391015,1.925443
7.975674,2.079241
3.577983,2.809275
7.377063,2.851522
6.978512,2.326342
2.019897,6.953852
7.129647,7.803484
7.630064,2.956246
7.516792,2.154601
1.738119,4.281376
6.702962,2.473063
6.753668,2.301261
8.174380,3.286694
6.254222,5.157714
2.047480,2.122463
2.781898,2.097348
7.777361,7.479386
6.334345,4.609454
6.151577,4.540932
7.249751,7.067884
3.314846,6.697709
7.062525,1.666063
3.578529,3.527138
8.191780,2.632073
6.919342,7.431158
8.433988,6.311786
5.899928,5.058479
7.543805,3.579909
5.952169,7.855659
6.465809,7.305888
2.039534,2.622769
6.167861,4.944053
7.301479,2.424105
1.164671,2.137878
7.281578,8.351431
7.201057,1.945259
7.483747,2.168003
7.648863,3.381716
3.870022,1.974877
6.063418,5.221167
6.265777,4.709818
6.330200,6.142345
5.516389,4.736819
1.550805,7.494361
7.689589,8.189265
7.668401,1.759644
2.815181,2.029300
5.963907,4.946286
7.673909,7.648986
6.245725,4.998670
1.416863,2.095925
2.921523,3.867027
7.559382,2.462129
6.384402,7.918482
8.664684,7.854684
8.413513,8.668219
2.706997,6.951468
6.382402,4.549199
6.151501,4.963882
5.882550,4.637780
5.977579,7.439511
6.510498,7.484873
7.524641,2.684253
6.834629,6.857558
2.265737,2.591220
6.908022,2.513529
2.925981,4.000067
8.094832,6.679846
3.370080,7.751422
0.882588,2.713720
7.607642,6.627630
6.703776,6.693230
1.635998,2.565332
7.226759,1.732111
7.100183,7.059642
8.527920,7.140780
6.251621,7.519707
7.927920,1.960872
3.232747,7.636457
8.321328,7.567974
7.581127,9.575878
7.636494,2.799721
3.270902,7.056222
2.341153,8.538781
6.169560,5.035069
2.530451,7.540232
1.033600,1.559703
7.052765,7.151945
2.735236,7.459999
2.774011,7.193795
7.039152,1.076002
6.809623,7.314640
6.124132,5.406325
7.160213,2.651651
1.417514,3.495327
1.906273,3.074097
2.756002,2.797148
2.561377,3.007695
7.669375,7.626095
2.642340,2.570575
2.730084,3.749929
8.102906,6.648565
8.057023,2.683314
2.831853,2.492594
6.466835,7.860431
8.118312,6.429740
6.830156,2.426678
7.080014,2.240119
5.676840,7.521026
1.803047,3.446236
7.152206,3.159592
8.275052,8.042356
3.512115,1.947062
6.237357,5.098290
6.614313,7.958175
2.351576,6.992782
1.365908,7.058350
6.924606,7.585851
7.987148,7.064914
6.399118,4.646904
6.836032,3.111273
7.303058,3.502475
1.845557,8.123957
2.624036,7.276088
7.240385,2.943023
2.384003,1.921710
2.149507,2.728520
7.160941,2.353363
2.980823,7.660708
8.002756,7.602217
7.579377,2.846943
5.968046,4.929095
6.043722,5.411490
7.329069,7.354553
2.163668,7.736576
3.886940,3.777292
7.304519,1.602133
7.093597,7.109482
7.768306,8.447652
7.405931,1.279304
7.153654,7.849848
4.343079,6.777848
7.437890,2.444542
2.562263,7.150773
2.878471,1.534847
7.423685,2.577155
3.175157,6.882343
8.338412,2.823447
8.265019,2.483596
7.375106,6.692875
7.705286,7.963977
6.309960,4.873600
2.634206,7.698738
6.733419,8.749772
6.319740,6.938175
7.534838,1.653803
7.027643,2.210531
8.003040,1.786727
7.263962,7.891140
2.468700,8.071942
7.717176,1.967133
7.745584,2.669340
6.515202,6.277071
7.238167,8.063992
7.569993,2.552619
2.848932,3.286234
5.747575,5.232733
5.716406,4.793946
2.230642,7.595799
8.011862,1.958402
7.798358,2.132143
6.832651,1.645652
7.000215,2.850997
5.882121,5.436490
7.401939,2.890581
1.915874,2.047080
7.312802,6.104145
2.278725,7.458947
6.138941,4.654273
7.808563,2.980739
7.601181,7.902823
7.676772,7.903494
7.200495,3.091226
1.919545,2.866298
9.555241,6.975358
2.343310,2.612860
8.462540,9.286943
2.412538,6.779340
7.485313,2.066669
2.789338,2.487399
7.656344,8.700156
7.622041,8.075272
8.113768,3.211689
6.743177,7.826201
8.016504,8.232783
7.835929,2.860341
6.139443,5.172954
6.794261,6.370121
8.230968,3.098090
7.877178,2.978249
2.958258,7.294077
2.027549,7.241860
5.505409,5.035569
1.584147,2.554459
7.743997,7.906088
8.124954,2.776520
7.737160,1.700618
4.310565,2.433630
5.788070,4.362489
1.903256,2.225696
2.912718,3.275525
6.095098,4.723653
7.177838,6.127587
8.740865,1.674258
7.445705,2.984130
7.775195,2.135045
7.809994,1.785773
8.548725,3.213271
7.539369,8.733400
3.342774,1.617476
6.764951,2.145605
7.731178,2.778745
8.903083,0.965604
7.383398,3.778166
2.698470,7.636144
5.790967,4.748240
8.345707,6.802725
7.611934,2.814096
2.547449,7.560829
3.100086,7.408233
7.426596,2.628554
6.566453,7.103354
4.667872,5.308042
6.427994,4.401759
2.514431,7.696358
8.350474,2.328629
3.182638,7.212512
7.980241,2.973423
8.266246,8.214843
6.906954,1.930040
6.021935,5.080637
6.315411,2.513883
7.486470,2.437545
7.433822,7.777408
0.042837,1.366225
8.183758,7.669586
8.885961,8.266278
2.383648,2.078518
7.023722,2.151183
2.554103,1.239923
7.636949,2.788438
7.417678,6.298528
5.725305,4.498324
7.377034,3.218949
2.762423,2.667192
7.645001,8.216796
6.990050,3.239607
6.169952,2.725128
7.139034,7.674008
5.705093,5.502967
6.098397,5.070247
6.123566,5.182908
8.160288,7.909040
2.181242,7.090238
7.355092,2.198066
5.996788,5.050155
7.679941,2.832519
6.168902,4.674967
1.425432,2.106935
6.971076,7.454515
7.524596,2.960492
2.032883,7.696473
7.159801,2.787844
6.713811,8.277355
6.360046,4.849786
6.781169,2.697530
6.232373,5.645217
7.458050,3.928494
3.552687,2.003090
8.559142,8.529088
0.782395,6.959749
8.489057,2.583205
2.529760,0.963847
2.978645,6.843501
2.586307,7.508527
7.674553,1.872193
2.119566,1.946422
7.864181,2.283543
8.063838,6.738705
6.817718,1.612118
7.526815,2.200123
6.051293,2.212237
7.504808,3.071098
7.323761,7.886209
5.432219,5.044646
7.695319,2.817980
7.747348,8.676820
9.178050,7.227887
6.407217,2.072810
6.643454,3.510284
7.196897,7.444484
9.276680,7.382511
7.947799,5.058282
6.788120,7.878255
5.524475,6.539565
6.913418,2.026850
7.435545,2.549898
7.675549,2.144660
8.073912,7.277406
4.441551,9.392930
7.492691,2.391435
6.623119,3.117596
6.915021,7.978079
7.221654,7.077321
2.319107,7.059318
2.691903,7.958108
6.588355,7.480643
7.830573,2.839609
3.217930,3.898526
7.733257,3.021252
6.930551,2.851583
6.900271,8.183537
5.905914,4.579872
3.427840,8.065647
7.626617,7.783053
2.425713,2.218817
7.747671,6.945916
6.767526,2.683904
8.240930,3.028412
6.383258,7.197658
1.304675,5.960484
7.699275,3.018174
7.837102,2.579503
6.400567,3.943609
2.775051,6.785268
1.993855,2.476645
6.936897,7.636367
7.825379,2.311361
7.672119,2.371816
7.882885,7.908831
6.610871,7.582110
7.556902,2.421292
7.177415,2.602565
2.792233,2.113177
7.438318,6.969816
6.075373,5.067591
5.641616,8.402367
2.850204,1.521813
7.549643,3.157588
6.511195,6.705198
2.716217,2.174982
2.939929,1.850559
7.743440,2.776830
2.226354,2.665808
6.368861,2.495105
8.322772,6.838713
3.084187,8.008820
4.014062,6.501528
7.188481,3.276087
2.955091,6.986320
3.449832,2.290390
1.751192,7.371505
6.539406,8.328209
3.494650,2.152040
6.386947,5.348534
9.878102,6.670332
6.183453,1.991893
7.544006,7.166056
6.860384,7.256436
8.462245,2.702723
2.240079,8.092219
2.207816,7.591934
7.250563,7.653968
9.006376,7.196675
2.800199,7.489715
6.231714,5.100456
6.226278,4.839700
6.962846,7.454881
3.155265,2.464437
2.019828,7.434538
6.958400,2.863320
2.926420,2.190159
6.526279,8.243320
3.009340,3.219863
8.105411,7.228800
5.647428,5.331363
7.169045,7.599933
6.237735,5.118399
1.392748,2.587159
7.212950,7.127109
6.919192,2.241367
2.895531,7.461845
8.274610,6.863301
2.630423,6.771077
7.367841,2.573262
6.844905,8.236008
6.823274,7.991174
8.092108,6.636294
6.440876,4.404496
6.407170,6.398816
5.526928,5.000837
6.067561,4.785261
2.745837,6.404546
5.831079,4.852283
7.659056,2.459128
8.564082,8.152765
7.336323,2.488758
8.187196,8.057908
7.040914,6.451430
2.304753,1.675854
5.725631,5.107302
0.759469,2.509198
1.744466,1.792557
5.822188,4.858823
2.414862,7.377658
2.112629,7.637639
6.841787,8.197355
1.329167,5.231498
7.062525,2.635175
8.136136,8.053049
8.010435,7.070718
7.632695,6.761575
9.488254,0.744173
7.477388,2.712502
7.309568,2.837383
2.818140,1.310235
2.462369,8.062781
7.791283,7.104634
6.835982,2.974731
7.161092,2.502168
1.948737,7.836601
6.146614,5.243917
7.829230,6.744712
7.662832,1.204571
6.094518,5.000301
7.288954,2.588303
7.601327,6.577873
5.611379,4.524612
6.233829,5.092103
2.808635,8.234442
1.895115,7.540098
7.498372,8.581806
6.328616,5.001989
7.784258,7.737989
6.581498,2.187334
5.376956,4.779332
3.012953,7.520820
6.341257,4.954310
3.273795,1.675833
6.053622,4.828010
6.604925,4.839431
7.324165,7.787006
7.801420,7.376994
2.768193,0.837702
1.956991,2.029941
7.747676,3.112578
2.750829,7.940312
2.103176,8.051081
9.776261,4.383639
6.906769,8.114892
1.685123,6.396009
7.544124,2.124839
8.884122,0.854907
2.416107,7.815261
5.745547,4.919202
7.627782,3.056546
7.201057,7.266683
8.126770,2.629549
7.409411,2.427907
6.288756,5.061144
7.414633,3.616136
6.971718,6.838621
6.272388,4.846700
8.290723,6.604217
2.308404,7.407404
8.041265,7.389131
7.713070,6.702163
5.664656,5.066925
5.905303,4.712973
5.921466,4.867443
2.854364,7.998680
7.644470,7.265209
8.747187,8.401300
8.062977,2.638387
7.072365,2.210827
5.350824,5.111712
6.298740,5.249073
7.100120,2.626949
7.823191,3.326159
6.100924,5.170445
2.373737,2.515832
7.105706,7.041275
2.516390,2.312851
2.559605,1.407385
7.829338,7.965996
5.499669,4.520562
6.660922,2.765579
5.895439,4.762113
5.734032,5.050224
2.508135,3.006661
6.045889,5.472874
5.780582,7.236924
2.334362,8.029000
1.976853,3.479515
7.058609,2.787159
2.706269,2.316912
9.571000,2.163647
2.562674,1.786714
7.236022,6.528679
9.175594,8.538038
0.382137,4.448916
3.015050,2.424937
8.631493,2.927654
6.593277,2.519316
6.517950,6.427238
6.224844,4.848194
6.483210,2.461976
8.209639,2.891859
7.597247,1.336975
7.539259,5.402335
6.370062,7.551063
7.452093,2.487583
7.299704,8.064672
7.845585,8.264585
8.411830,2.288158
3.640196,2.174126
5.946280,5.021327
2.685523,1.553452
2.733996,6.837947
2.817295,7.766403
2.003279,2.549843
2.647201,7.263594
6.323160,4.712108
7.648665,6.315581
6.895829,7.701321
7.785267,2.608830
7.262732,6.958330
2.592552,7.529041
7.298139,6.766331
2.288095,2.889709
3.110656,7.723253
5.546782,4.921785
6.557138,8.425864
1.377714,3.840748
8.095113,2.524899
7.889763,2.687270
6.853921,3.008264
1.755839,7.730740
2.786944,7.641827
2.140950,3.172677
2.944800,6.915894
6.898405,1.820357
7.823577,2.295702
7.260068,2.330177
0.853406,7.767581
2.837254,6.612766
8.633769,8.391792
7.564332,2.305110
7.653179,6.891196
6.099877,4.543086
7.332810,7.444968
8.333738,1.603368
6.927867,2.709704
2.617905,7.197332
5.895159,5.064085
7.655104,6.603408
7.306693,2.161925
2.803081,7.742542
2.309506,5.138444
5.904946,5.172776
7.706224,8.073372
5.329130,4.906703
6.013037,5.080237
6.994919,6.734519
7.670655,3.965899
2.150775,1.127461
2.199463,2.157866
8.142057,6.781023
9.170772,8.136006
2.798827,1.868992
7.439340,7.892127
9.006788,7.135663
7.561152,2.162991
6.711985,2.949472
2.968118,2.937169
5.848452,5.257513
5.858715,4.711342
6.729461,7.527164
6.866573,1.997775
2.145647,1.890601
2.220073,2.725855
7.704078,6.283193
8.853978,3.100794
6.239484,5.260344
7.377210,1.886967
7.346543,8.871624
2.659129,7.674363
7.903904,2.146556
5.926315,4.987673
2.397759,2.920742
7.754723,2.640316
8.582074,1.795938
2.178142,2.164583
6.198823,5.263358
2.279001,7.030700
1.540444,7.650786
5.958225,5.391264
8.042577,2.866931
5.874579,5.026559
2.417298,4.007760
7.612049,1.549839
3.023226,7.863347
8.004506,7.521772
6.567943,7.246763
7.381551,2.508067
7.504495,1.876975
7.416031,2.449631
6.868158,1.552176
8.249811,7.121879
2.989278,2.553725
6.631406,6.160766
7.146306,7.178329
7.744922,2.031309
5.647603,4.929414
6.511929,8.824106
7.665722,7.943493
6.022732,5.175905
7.909674,8.145512
7.550151,2.352219
8.023130,3.387224
7.598784,2.978501
6.981541,1.828594
2.809750,7.169766
2.644265,1.987266
8.341680,2.371608
8.453484,2.152461
7.829038,2.501482
7.368273,7.369932
7.175610,3.584689
7.124018,6.150565
5.901840,4.634669
2.915148,2.565636
2.806152,7.639241
5.762246,3.443295
6.054543,4.909319
9.265518,7.988058
5.964789,5.459958
7.825316,3.859561
6.672319,1.738185
6.954153,8.180391
9.966436,7.870469
8.019172,7.158773
6.327159,5.090660
7.174321,9.399733
6.227798,5.118437
6.958101,6.696544
6.220038,5.413826
6.063710,5.042768
7.461370,2.230232
2.334997,7.185927
3.038072,7.958735
7.309051,2.773530
9.266674,6.604073
2.584967,7.225374
6.943272,6.853583
7.403288,7.777561
3.215305,2.243474
8.255535,2.168998
8.755312,7.374458
1.406577,2.738201
2.228102,6.962885
7.780831,8.125051
8.578647,6.812906
7.547262,2.489902
8.016296,3.071094
9.131542,6.694747
7.862622,8.602482
7.669680,2.417077
5.835589,5.305578
7.054884,5.980294
8.002826,1.486335
7.989292,2.567283
6.936216,6.692515
2.444352,7.717906
7.553518,2.598614
7.803409,7.639049
6.748939,7.000181
7.453635,2.618759
7.360398,7.131350
7.849035,2.737965
5.706357,5.452290
2.790261,7.619174
2.180822,2.393082
6.420096,6.871975
6.659578,3.999750
7.373710,1.914860
2.489161,7.095401
7.532904,2.975921
5.759008,4.453535
7.374985,8.742241
2.214343,6.878344
7.238083,2.175067
8.655495,7.464340
2.129092,1.525083
2.511516,3.708851
6.383554,4.345411
7.459852,8.232224
7.681399,3.030185
2.333727,7.612487
6.627162,7.921460
6.276700,4.774370
7.532795,1.944233
2.915296,6.602459
1.461265,7.619247
5.798000,9.593650
8.282434,2.773585
8.541835,2.202341
2.290121,2.623139
2.461890,8.431218
7.200847,3.153930
10.065560,8.186716
6.919070,6.893260
2.539320,7.209245
2.238294,7.888174
8.525543,7.811646
7.386262,1.917989
2.177983,8.115963
6.637942,7.322001
6.552271,7.976702
8.048719,8.016094
7.357649,3.217087
6.049165,4.468993
7.646728,7.390380
1.639885,1.127236
7.764219,1.703932
7.528402,2.469398
2.713628,7.007693
6.202563,5.130356
7.933912,5.850052
3.236717,7.904102
2.508610,2.919905
5.944453,4.986694
7.306194,2.759026
2.551231,7.676938
4.878134,6.924832
8.240133,6.992754
2.418935,3.581629
2.072749,2.327218
7.381610,2.472136
7.528797,3.461176
2.066707,2.261377
7.128539,2.493441
6.990185,2.364466
8.870024,1.699285
8.580764,2.153544
7.204798,8.485860
7.532832,2.594988
7.815809,7.041013
8.383547,7.492966
7.277526,2.343815
2.874709,6.393615
5.885562,4.973727
7.954406,2.662162
9.838976,8.530213
7.663419,2.268886
4.717054,6.778652
7.852587,8.586008
3.307361,4.170454
5.603373,4.685745
2.914270,7.094455
7.659502,2.807945
0.155630,9.481285
2.702588,2.507975
7.275380,7.813237
9.164549,2.909414
2.532615,6.996011
2.179877,6.628106
3.075452,7.406446
0.936122,1.911151
6.627333,6.814217
3.406045,7.622589
5.971586,5.020544
2.904124,3.681416
3.084958,7.469864
5.973071,5.179878
6.655050,2.365791
7.918743,6.564206
5.554314,6.170036
7.586345,2.644844
5.384514,4.795132
7.605741,7.964315
6.564470,2.161810
5.903970,4.601580
3.161968,8.032710
7.640409,1.989099
6.598838,6.900624
7.223570,2.051201
1.699668,1.839231
2.803806,6.334274
6.949797,3.182640
7.455477,1.743222
2.407817,8.235892
1.664458,2.069765
3.442098,0.856689
1.839335,7.373814
6.266488,7.571616
5.969185,4.471478
7.474800,6.890576
5.781792,5.261880
2.646801,7.590470
7.491267,6.023253
6.838358,2.693734
8.017932,2.288378
7.341735,2.815929
4.182046,1.419707
7.587692,1.586026
7.364522,3.159162
3.654293,2.021838
5.710692,4.723162
7.882013,2.509394
7.534770,2.447289
5.749216,5.143525
8.041240,2.387366
3.731955,2.287230
7.118144,8.233541
7.896766,7.335051
7.499783,7.662103
2.701921,7.117246
2.402673,7.316346
7.421463,2.450710
6.997593,3.133896
6.725935,1.603600
7.140381,7.500041
3.518785,6.926886
7.746572,8.491235
9.921444,8.193904
7.856287,7.610283
6.926971,8.085001
6.593140,5.156372
8.104559,2.559592
2.273365,6.964707
6.167575,4.868768
7.685247,1.493297
7.583489,6.928344
7.394699,7.359428
8.569458,3.273510
2.857363,3.126739
0.678330,8.720765
7.721800,7.051838
8.544734,7.653905
5.833697,5.186490
7.456547,6.468853
5.913442,5.261316
5.382568,4.813389
7.576624,3.072624
8.024047,7.422225
6.556598,2.600077
5.634644,5.302277
2.471344,7.265959
2.979220,2.539136
6.446411,7.311580
7.122481,1.997866
5.693676,4.836109
1.808871,3.777356
7.481829,2.231283
2.216127,6.876755
2.730407,2.098075
2.145524,1.820817
5.996165,5.205744
6.780223,1.151420
7.746104,8.573991
7.367405,2.990259
5.831200,4.549070
7.784931,2.129761
8.096417,7.482047
3.113865,7.088387
2.569138,6.698119
0.522045,5.347637
7.280508,7.760854
7.499031,2.802079
8.223067,7.945519
6.985483,2.089113
6.627100,9.070424
8.032273,2.036070
6.045601,4.992131
7.347609,7.294852
2.337366,2.711708
7.174134,6.678368
7.432780,7.303457
7.894311,2.269892
2.422792,8.334625
2.393160,7.606830
2.605896,7.356272
3.001719,8.003592
2.410674,1.460853
6.603248,2.767882
2.579278,2.376366
6.217675,7.032211
7.416209,7.673231
7.855126,7.281722
7.431042,7.891934
8.284443,3.080414
7.398567,7.635854
6.403256,7.915983
7.515742,2.252402
6.029458,0.019812
8.357086,2.836716
7.283372,3.726636
7.523577,7.798410
2.407293,8.127085
7.210767,1.348020
3.028411,3.198116
7.179830,9.149044
7.654576,7.575953
7.484791,7.124771
8.057149,2.822777
7.580364,7.521009
6.217248,5.464637
6.794023,2.116189
6.111812,4.797259
8.566343,6.015932
7.057199,7.509999
2.384504,2.632670
7.745687,8.042546
6.317490,6.951314
8.263787,7.224335
8.461549,8.480077
1.845947,7.188263
5.744282,4.721624
8.385156,7.082939
8.424989,1.361905
9.740780,7.874448
7.686429,7.007303
7.814239,6.927713
2.285980,1.822918
7.114359,6.661297
6.455150,7.889820
7.963886,3.155442
7.632004,3.216679
7.149689,7.630197
4.182932,7.818364
7.964725,2.797172
8.220891,1.766576
7.175449,6.996089
7.581805,2.988394
7.837700,2.062951
8.164199,3.025197
7.457374,2.049045
7.378139,8.679339
6.906739,7.605015
7.736187,2.084496
8.509420,7.792397
5.754196,4.335131
7.778733,8.077740
8.181681,3.523883
7.752290,2.891203
5.574397,4.985097
1.836286,3.061002
1.885505,7.938451
6.420541,1.939338
3.070940,6.653977
8.388970,6.754647
6.994523,2.991645
7.386951,2.176088
6.150565,5.016131
8.619437,3.057538
3.689985,1.862419
8.256291,7.034438
1.987956,7.362696
8.551690,5.659495
1.829901,2.520098
8.424417,1.909678
8.108412,7.366266
4.313033,1.537492
8.289489,2.072587
6.457152,7.976951
5.969736,4.879650
8.357882,8.024228
8.319647,7.707807
7.015135,2.682598
5.451645,4.633055
2.491494,7.404083
7.897105,2.649244
7.323127,2.659704
7.367714,3.433386
1.434845,2.888414
2.061893,7.313889
8.364772,2.064027
7.394292,2.012569
4.326504,2.098211
5.948316,5.391249
7.106777,7.261285
7.920820,1.673442
1.842639,6.865269
6.724425,2.904285
7.897873,2.523706
7.664287,1.097732
7.459044,7.151279
8.033217,2.103740
7.631954,3.618427
8.145144,2.431851
1.991600,1.858674
7.115996,8.621403
3.067031,1.959440
3.045646,2.143012
5.642696,4.836895
1.614258,7.046007
6.076825,5.071255
6.494924,7.676832
2.882596,2.190537
7.440709,7.486281
3.485336,7.059053
7.758947,2.009086
2.871533,2.572677
3.465478,2.789362
2.719323,7.521910
2.234151,8.575070
7.757803,2.826972
2.375349,8.991281
7.819606,8.573327
2.741360,2.907488
7.028624,7.851088
3.287123,7.691442
6.695278,7.457541
7.331727,6.800918
7.770547,2.408658
7.373988,2.321978
6.698991,2.140917
7.916886,2.426645
6.165101,4.858620
7.421640,7.902663
7.645502,2.256242
8.103762,3.092462
7.250101,6.065761
8.019372,6.401069
8.021334,2.695193
7.036167,3.452103
2.260460,6.967812
7.327802,6.712090
7.338632,2.579325
1.737238,7.216703
7.330829,7.400721
2.586505,7.307070
7.841338,1.620959
2.684079,8.120436
7.294475,8.361505
7.616814,8.082672
7.655303,7.146468
7.395870,6.328179
2.608306,7.385982
5.935611,4.723970
5.543560,5.085553
6.927548,1.384813
1.597242,2.857263
7.705582,9.371952
8.226578,2.545306
6.207169,4.493007
7.187225,8.207794
8.492025,2.755933
7.452617,7.825328
5.557704,4.928401
7.902128,4.914926
5.730818,5.317159
6.489096,4.401283
7.679419,8.335221
8.049383,7.796916
6.819079,1.702957
2.465515,2.501893
8.298344,7.625498
6.471635,5.235775
7.499619,6.517461
2.160480,7.494904
2.217536,7.621125
7.909378,6.433399
7.476986,2.525547
8.303826,7.024267
7.688183,7.230901
7.465299,2.271376
1.892483,1.580910
7.915637,1.932102
2.707022,1.211097
6.512709,7.705055
7.916954,3.067694
5.389888,5.052094
7.880505,2.353136
3.445595,2.661688
7.311390,2.771569
9.885394,2.665089
7.580137,7.614230
7.547088,2.553346
1.552758,7.298698
5.702156,5.488730
2.527699,8.255128
7.852143,7.730470
7.292568,7.416699
2.883207,7.496455
7.762782,7.248437
1.453403,2.971596
6.458041,1.729851
6.621552,7.009606
5.965386,5.095101
7.090702,7.100336
7.499725,6.788218
7.563346,6.819737
7.567922,1.783823
6.229950,5.030776
6.158972,4.860161
7.182369,8.438297
3.157634,7.673032
7.337959,8.588182
8.516726,8.146335
3.914166,3.340050
7.711596,1.980354
6.767143,8.343195
2.903897,2.715929
7.231814,2.560368
5.444652,5.284873
2.612138,8.503353
6.197861,6.564678
6.176552,4.466534
6.865712,7.498579
6.373524,5.530899
7.274791,6.190747
3.026736,8.427228
8.683037,1.585986
7.468309,2.317866
7.379468,2.658530
5.893984,4.901474
5.991594,4.969793
6.658459,1.707960
5.742196,4.848976
7.415873,7.891373
1.644573,2.454910
7.735936,7.208425
2.281469,2.039785
2.172215,7.903397
7.906009,2.227560
5.913979,4.942070
6.940828,7.085328
1.734077,3.248100
7.267852,7.111367
2.217392,7.569460
0.982990,3.047382
6.728186,5.731268
8.705860,2.487476
8.438924,2.221716
6.430751,4.780061
2.417473,7.481702
8.038175,7.467216
7.910950,2.700648
6.352500,8.154102
4.419091,2.693369
5.974672,4.861594
2.226298,2.493542
6.947662,2.429021
4.112812,1.542865
8.113257,7.963127
2.720382,1.369048
7.525635,2.489453
7.256175,5.459408
7.322068,2.300481
7.190847,8.569781
8.183138,7.303733
6.926839,6.803239
2.109150,8.659831
7.647420,3.067443
2.540400,2.100375
7.023118,2.600409
2.298888,6.281206
8.126647,2.384632
4.243401,1.229897
5.890117,4.932411
2.201330,2.757996
6.163794,5.634369
7.606071,7.534839
4.307253,8.678054
2.868048,7.354557
2.898395,7.304866
8.264737,5.976497
7.341734,2.844267
6.946500,7.719299
5.874982,5.169735
7.349963,2.124026
2.215202,1.823846
8.711570,7.889044
6.903978,2.249442
3.084207,8.248806
7.588376,3.540717
6.038384,5.016559
7.824557,1.582315
7.982390,2.803739
8.373105,2.800160
2.002101,7.541369
7.174928,3.472966
2.971699,2.121307
2.375636,6.901605
7.139399,3.278061
6.623196,6.811131
7.349971,7.970711
2.309824,7.315395
7.009519,8.175697
5.546704,5.329173
5.894707,4.980476
2.726426,8.623971
2.382313,2.349220
2.757284,1.945892
5.710605,5.227331
7.800176,7.038965
3.415836,2.154062
6.000029,4.447187
6.567315,4.961651
6.287089,7.499784
4.082205,3.134990
8.009100,7.436974
7.075914,6.631496
2.079276,7.950810
3.101761,1.891938
6.931494,7.258528
5.069554,3.955674
2.567106,6.968163
8.302769,7.250739
3.638211,1.460254
8.118924,1.695101
2.700440,7.239960
7.525011,2.272464
7.985964,6.909230
5.859159,4.989514
6.830424,3.036766
2.372529,3.300705
5.904090,5.339684
6.890840,2.614348
6.479699,5.212589
2.016329,2.648581
3.180139,7.764187
5.582500,4.830225
7.565676,7.554606
6.127285,5.173277
6.536054,2.289878
3.065043,8.051701
6.894456,7.984459
7.508724,2.936065
2.392153,1.442625
5.901617,5.053385
7.720932,3.060520
7.711520,7.837710
5.567501,2.572251
1.810789,2.177016
7.408904,2.175718
6.618121,7.131925
8.102669,1.787825
2.187212,8.351781
8.762782,7.848295
3.181089,8.215997
6.445216,0.713701
8.145068,7.089147
7.712744,7.250119
6.054561,4.813247
7.298288,2.880833
7.188419,7.883330
2.282542,7.173526
7.870563,2.544312
7.991208,7.534052
6.972375,2.002436
7.115199,8.654950
7.658544,7.960910
7.018139,2.830274
7.493841,3.632525
2.533909,7.513729
7.489230,7.144807
2.682809,7.301856
6.826552,2.162012
1.661602,3.212640
7.481260,2.511767
8.213576,2.504641
2.843796,2.117955
7.302541,2.987531
7.480603,6.788392
6.908560,2.322755
6.670843,6.566322
5.721545,4.691233
2.407601,7.085550
2.426910,2.286247
7.719309,1.308609
3.356156,7.505156
7.012113,2.886862
7.729119,6.350999
7.193217,1.981699
2.212179,7.919655
6.984864,6.895074
6.298475,4.988913
8.147439,6.885211
1.336675,2.010924
7.922816,3.415312
7.287516,6.818771
5.954800,4.272511
7.873627,8.071813
6.327574,8.093144
1.786498,7.214538
6.191060,4.859959
9.734045,4.700873
7.102251,2.596282
6.764465,7.229249
5.961644,4.976318
8.473394,7.222214
7.488825,2.744211
8.406579,7.078110
6.270683,5.176637
5.816745,5.288334
7.943337,2.249277
7.523564,2.412812
6.786786,7.734346
5.754358,4.723943
6.192628,4.645598
2.537151,6.957762
8.123013,2.524554
2.754980,2.448933
7.997058,8.427682
7.306711,3.009895
1.142880,2.713299
5.942391,4.832035
7.753181,2.310643
3.041376,8.133224
3.064744,7.445936
7.233342,7.299447
7.314068,6.334595
1.885453,8.002494
7.551186,2.370857
2.711892,7.144578
2.403454,7.536334
7.780340,1.811803
6.007154,5.371461
9.106301,3.113013
8.231654,2.538251
8.192249,2.997976
8.138975,6.642765
2.965992,1.518479
2.822691,7.209714
0.926472,2.085705
7.863046,2.951202
7.388135,2.566730
1.921942,2.691386
9.831095,8.965320
5.774528,5.197375
2.747039,2.383680
2.158586,7.616827
7.737925,7.247731
9.177049,6.674336
1.486344,2.054946
2.377629,7.778449
7.364918,1.989165
7.842563,1.777019
6.533761,6.886499
4.152653,3.029501
7.902040,6.703168
2.268473,7.754413
2.346065,7.541314
7.107246,8.264809
7.112506,6.928832
7.550119,6.158059
3.266367,2.198501
2.076435,3.337880
3.878809,3.361198
8.802555,7.397575
5.608970,6.452390
7.848246,2.141761
7.021434,2.650693
6.728400,7.953642
7.901333,6.138121
7.306777,7.968851
7.448099,1.643748
7.208863,7.745422
6.593399,2.724258
8.668416,6.614318
2.003956,2.796606
7.379511,9.034950
5.080462,0.823762
1.646978,7.590781
8.790294,5.896277
7.680842,2.408900
3.688225,8.286146
6.610839,2.971635
7.545428,6.900982
6.610957,6.373375
2.539706,7.117980
2.007060,1.776841
2.569316,7.393040
8.306998,8.126349
8.893969,7.963152
7.389549,8.859049
7.854421,8.692189
2.605816,3.236861
7.890032,6.794087
2.608506,7.831931
2.949522,5.150537
7.596596,6.797958
3.291078,3.486496
7.885721,8.624290
3.651659,2.491668
6.358148,7.310431
7.822566,2.118430
7.607799,2.776708
4.526220,7.317809
6.983703,8.386972
6.697058,6.510040
7.111307,1.265466
7.174855,2.155741
7.771764,1.798807
7.589649,7.530249
7.105079,2.344202
8.150229,7.296214
1.502081,5.215771
5.815626,5.253333
1.446596,2.054434
8.494739,7.177095
2.543025,1.501498
7.390517,2.971438
8.036785,7.292899
7.230153,2.302462
2.824337,7.143150
7.642356,2.433733
6.098403,6.381902
1.970708,1.379240
7.142847,2.166575
7.551311,1.670134
7.101174,1.001233
2.689197,2.205049
5.730261,5.185638
1.581277,7.495160
6.801122,2.214266
6.828591,7.238872
7.401179,7.640184
7.152419,7.817743
7.428351,2.552053
2.640738,7.051724
7.966816,6.830738
2.031932,0.721536
2.884528,6.973997
5.970937,5.069417
6.718787,2.678889
6.825191,2.160684
9.073566,7.752139
7.889001,7.776148
7.735776,8.098831
7.626995,7.389562
7.140458,7.416482
3.344973,8.092455
7.602894,2.060926
7.423994,7.937637
7.397152,2.059593
7.662354,1.800506
6.216865,7.161554
2.908924,0.333150
2.648971,1.294134
5.906745,5.025921
7.304135,2.868620
2.893194,2.649010
7.731260,2.627649
7.864353,1.360563
5.601355,5.497312
6.284655,4.532497
7.181671,7.893836
5.997102,4.968549
7.733830,2.587718
2.636525,7.962284
7.100120,2.852936
7.034012,2.027986
5.851530,4.746114
3.428246,7.469888
6.606519,7.853810
7.815193,1.766425
7.851753,7.781452
1.762832,2.006394
6.440834,7.966740
6.933698,2.088948
3.245731,1.840560
8.263029,7.378442
7.465399,1.366933
8.045017,7.871195
3.029244,8.305160
6.616666,3.299204
1.767001,2.498427
2.449575,7.460513
2.863493,3.956934
7.100780,7.213710
8.263974,8.727700
6.702717,6.548443
2.930272,2.600161
7.035765,2.247299
8.126861,2.810064
7.277366,3.221729
1.858788,2.929648
1.326329,2.365732
6.421790,7.274791
7.756555,3.093163
5.960726,5.080359
2.791408,3.066159
7.946189,7.463860
2.356691,8.373817
3.141844,7.101231
7.805256,2.126701
3.125897,3.044902
8.045606,1.764133
7.425658,2.787864
6.482192,7.395703
5.736052,5.134553
8.005781,3.036603
3.158244,2.273447
6.721798,6.757185
8.413665,8.139888
8.445867,7.155324
3.335910,7.221973
1.126570,1.569343
2.249300,3.064972
2.138868,7.908583
2.891632,2.247032
7.430458,7.010189
2.181851,9.726076
2.836516,7.159843
6.482935,4.922956
6.905262,7.992611
7.902121,2.147980
6.577899,2.250338
2.851384,2.670973
7.060874,2.342792
1.898656,7.228584
7.654467,2.629984
2.333986,7.306425
1.021739,1.282642
7.358108,6.622955
6.796959,2.929593
6.085095,4.560096
7.891518,6.627256
2.139967,6.520357
8.057508,2.549133
6.200501,7.742110
1.757186,1.955823
2.551804,2.868817
6.638131,1.937343
2.036039,3.757687
7.184846,2.713464
7.651994,2.815928
7.366836,2.873287
7.770593,7.153050
7.198838,5.765221
7.795233,7.865306
7.201338,2.126279
7.009726,2.899882
7.747466,3.611451
7.983044,6.536185
4.222286,2.401329
7.602228,2.248581
0.399957,6.757832
2.756083,8.987698
6.437322,5.175180
2.158868,3.151122
3.235149,7.843124
7.640029,6.945741
6.068126,4.904182
7.576006,7.634343
7.764083,8.238720
1.969800,3.940499
8.438660,7.636420
6.332768,7.221278
2.663955,7.396513
6.640421,2.439887
6.206270,4.979131
9.089084,8.338963
5.620912,4.977706
7.609972,6.981777
1.755508,7.333339
2.540398,2.406208
7.537630,1.349378
6.038253,5.320984
8.632829,2.346255
4.002641,6.965374
7.764421,9.191053
6.349890,5.070916
1.932027,7.732515
7.989845,6.676124
6.828380,2.857695
2.462265,7.583461
2.053436,1.958311
5.938326,4.730386
5.878677,5.218850
5.474585,0.435550
6.644786,2.454121
2.150963,7.405486
8.594340,7.239697
5.862767,5.040457
8.918501,8.403289
7.780188,3.149566
2.505290,7.398837
7.232367,2.802341
6.140811,5.138290
8.062575,8.375059
7.011864,2.514858
8.258261,2.264268
1.984646,1.909803
2.335880,1.809620
4.122839,3.711668
8.730107,2.340321
8.016038,1.981116
6.024009,4.875678
5.843580,5.576790
2.416099,2.326299
6.743849,7.463881
2.792523,3.029354
7.311915,2.853843
7.767683,7.127132
7.270935,2.823834
8.123352,2.361870
3.013321,7.750465
2.072123,7.507364
7.429386,7.210585
7.420689,2.228047
7.855882,2.932694
7.588942,2.600349
6.115628,4.914222
8.721528,9.356719
3.401436,1.987612
7.440407,2.606103
7.297495,2.580155
6.500940,5.282724
2.315959,8.207677
2.025612,7.919977
7.878834,7.552985
4.118836,8.386655
5.521368,5.063927
6.067270,5.314041
6.592936,8.448962
6.422242,6.455989
1.856902,7.223501
2.456876,7.749779
8.436592,2.724136
8.445142,7.745834
3.302745,3.063725
6.479206,8.099163
6.253283,5.692043
7.951088,8.599949
2.436936,8.024657
7.611931,3.032346
7.177967,2.608449
8.007839,7.744032
6.745202,2.396253
5.458493,7.611348
7.710541,2.445217
1.716579,1.901990
7.107370,7.968410
2.632801,3.139225
8.845552,9.216775
6.217696,4.911955
8.431858,8.419894
6.260135,5.170532
7.598235,6.938569
8.103532,8.170905
7.455977,2.486674
7.367291,8.462718
6.859006,2.873316
7.830216,7.446838
8.003505,2.285804
7.742142,1.657673
7.582127,6.702106
8.127074,8.067575
2.891169,3.091433
5.834853,4.736408
8.304805,1.945079
6.767102,8.445872
3.267061,1.733787
2.239963,1.545596
3.604174,2.887229
9.805532,6.142967
7.402351,2.604928
6.412818,4.779336
3.378195,4.719911
7.069911,7.467981
8.541638,8.095891
2.761225,6.895493
7.722036,7.442299
7.198223,1.849227
3.008688,2.878354
0.916569,2.811037
8.124682,8.149192
7.193555,7.380018
8.045202,2.720928
2.892723,2.415384
7.463234,8.153186
2.415344,6.888472
7.887220,2.151168
8.855832,8.015225
2.971536,2.838351
2.900539,7.159781
7.510508,7.162460
7.732760,6.117546
8.010909,6.641289
6.954622,7.660862
7.891367,2.928432
8.065367,1.986718
7.313288,2.997040
7.670557,7.730960
7.162067,2.109069
5.880744,5.231979
1.887917,6.661570
6.149905,4.731374
7.420764,3.084810
6.786163,2.989186
6.398780,5.015171
1.661064,2.392100
3.491884,2.929263
6.689067,7.646755
3.312342,3.442610
2.193514,7.170513
6.068560,4.691869
2.425010,7.246764
2.450316,7.005585
7.614772,2.567074
3.888184,2.441229
6.490978,4.341418
6.792124,5.876208
6.223665,5.170059
7.895765,7.213219
6.433012,6.214224
2.909258,7.753442
1.400729,9.155786
8.112672,8.026907
5.793939,5.183914
5.923716,5.467093
6.267092,4.920800
7.020086,2.130116
6.394380,6.851317
7.057640,3.310483
8.167550,2.742803
7.276253,2.943994
8.079305,7.193687
6.999524,1.793081
2.631053,7.668915
6.547064,1.726653
8.292107,6.518235
6.620784,6.580240
8.053688,7.990084
7.244002,7.226851
6.951325,8.442537
1.838844,1.939558
7.035922,2.784350
1.884817,3.074886
6.797316,7.202454
5.904125,5.668368
9.049691,7.356739
7.684679,1.185791
8.586304,2.182450
1.733449,7.578529
2.301097,7.113520
7.567956,8.185387
2.523055,7.281923
7.952784,2.571186
7.452706,3.224804
3.009525,8.087652
3.092578,2.353691
7.570437,3.115899
8.189824,3.019293
7.548531,3.020013
7.361542,2.742183
8.163951,6.591885
7.168704,3.551665
6.361741,6.644933
7.611091,7.953231
8.327018,2.549011
1.829671,1.501538
7.893415,6.300428
8.037233,2.278569
2.512488,2.556791
7.609349,2.606236
6.095649,5.395109
7.759503,3.549787
6.178402,5.027595
6.448488,6.832425
8.115108,1.610494
7.064153,3.202230
8.208018,2.440402
7.280621,6.877706
7.929620,2.672939
6.214983,4.564450
5.628190,4.417068
5.519592,5.280770
4.214263,1.180333
6.367764,4.508582
6.723721,6.444923
5.954157,5.119841
2.381386,7.657825
3.246067,7.233983
6.632016,6.615495
7.543166,2.478977
8.159649,2.713298
8.303415,7.620388
7.849298,2.746778
6.573023,4.894696
7.871150,2.872643
2.202744,7.099941
7.430178,2.041799
7.818056,1.322887
7.224977,7.357437
2.800973,7.148875
8.410348,8.548622
8.132561,2.261747
7.682840,7.535037
2.204652,7.181956
5.296886,4.878703
7.956861,7.560549
7.614403,1.209426
7.863266,7.424470
7.021355,2.919381
7.180820,8.744730
2.354908,2.976438
7.326962,2.325111
8.128524,2.107562
2.785016,1.842752
8.221699,6.919237
6.175101,5.296311
7.635685,8.508006
8.368143,2.566963
4.300258,2.483465
9.156336,7.532834
2.937431,2.413418
3.061219,2.386857
2.031254,6.936072
6.955589,2.856218
7.175202,7.269260
5.873032,5.083544
8.299221,6.912787
2.477891,6.861265
6.825561,7.781217
2.422134,7.249634
7.681165,2.736577
6.728808,7.666929
7.089945,6.669492
8.107056,2.340919
7.382464,3.105472
2.177625,2.215738
1.347834,2.533250
6.299797,4.733319
7.585156,2.996085
5.855230,5.392141
3.962127,0.752996
2.216045,6.983376
2.864392,7.237142
2.812525,3.261757
7.073766,7.197919
5.897673,5.337052
5.485394,5.712592
7.717757,3.152769
7.424602,2.042008
7.924325,2.473620
8.047242,2.120508
6.254467,7.190422
2.742484,7.329875
8.460010,7.846512
6.044222,4.895401
5.653102,5.099536
2.954875,1.325543
2.075418,7.345623
7.662707,1.803396
7.722823,8.633322
7.730862,3.099576
5.725222,5.211604
7.469711,2.368306
8.270548,8.051273
7.688936,6.391595
8.121355,9.020717
2.146161,2.482919
8.151125,7.056781
7.965337,8.161450
5.333460,0.871280
6.212884,6.289106
7.391580,1.503776
8.002777,6.480329
2.432560,2.193921
5.750746,4.983862
2.059995,2.540054
2.297228,7.248425
6.114892,5.030010
7.159265,7.574865
8.000660,3.158059
6.279903,4.986623
2.568690,2.130721
7.233003,3.202615
8.010653,3.025431
2.261579,7.886467
7.623483,2.523406
6.008779,4.935571
4.760032,7.131223
7.272766,7.372128
7.622817,6.712268
8.336207,2.776435
2.613548,7.119834
6.870399,9.695093
2.971553,2.150882
6.162669,4.952044
5.703445,4.940758
6.993311,7.109660
9.418145,6.966225
9.160358,6.397173
2.448398,2.258530
2.497583,1.873308
1.422150,7.849430
7.464890,3.268459
3.218035,7.800024
2.032446,7.062835
6.414457,5.329663
2.320707,7.265204
7.400569,2.822863
5.719453,5.255846
2.198591,7.553099
6.432099,9.272213
7.557649,7.309305
8.146941,2.548872
7.335647,7.267117
6.862085,8.064319
7.669419,2.459006
2.250372,2.716963
7.698497,2.477494
6.427171,1.497031
2.849178,2.776020
7.745189,1.239955
2.638658,6.879433
2.671486,7.002107
1.656316,7.352178
2.558633,3.086061
1.913925,2.720131
1.801757,1.654008
6.581638,7.610156
6.684451,4.840653
1.710648,2.690292
5.814505,4.860276
8.054814,1.916824
5.971770,7.537245
6.998453,3.099889
5.867109,5.231338
7.490092,2.441862
2.115314,2.990510
2.384944,7.976495
7.146680,2.852081
6.330857,5.463101
7.693681,2.639717
6.263623,5.038031
2.906052,7.772398
8.074474,2.306132
7.964656,2.280539
7.405119,2.802053
7.644058,1.806688
6.796017,8.001365
7.498095,7.376688
3.914090,2.028844
7.110009,1.301359
7.598734,6.062703
8.115990,3.271908
6.252452,5.170344
8.223119,2.161669
8.243921,7.953192
8.367967,2.355438
2.283373,8.397529
5.941182,4.751034
5.997965,4.915757
7.522097,7.561337
6.710598,7.364480
7.305826,2.651254
7.985917,2.055725
7.429402,2.351913
7.908193,2.108009
3.282759,2.584511
2.862322,3.003022
5.844199,5.013281
5.932285,0.459369
7.469403,8.701548
2.577271,3.235039
7.875960,8.843614
7.448358,2.478879
2.127868,2.671551
7.199826,2.797512
7.854438,6.445620
7.522675,3.332717
7.621106,1.869991
8.146449,2.539101
2.181008,7.155517
6.252809,7.208370
6.912941,6.683404
8.595141,2.746171
1.547139,3.089600
2.125720,6.973133
7.184071,7.701837
8.508449,8.812597
7.582798,1.916238
6.087025,5.093529
2.488001,6.740251
6.047655,7.733792
3.384848,7.901263
7.661459,1.731025
7.584811,3.369973
7.774958,4.894782
2.195877,6.646576
7.827900,7.583681
8.390456,2.445562
7.804133,1.601709
6.940631,2.795004
3.165956,1.672474
7.448051,8.091840
6.884222,7.942477
7.141505,2.483502
2.614113,7.820587
8.303320,2.074382
2.933701,7.844034
7.872485,7.373414
7.394049,7.057194
3.099939,7.387925
3.059818,1.276017
8.251905,2.316344
7.324707,8.838740
6.928023,7.581903
4.921807,2.215812
5.959582,5.083210
7.137325,7.462671
3.912491,2.149522
3.157938,2.286941
1.763719,7.702576
2.807926,2.025494
1.236579,2.279340
8.015745,2.842023
2.426914,3.030809
7.241693,2.741887
7.367385,7.629590
1.967858,7.581769
2.603373,1.784078
3.118205,2.335580
6.981092,8.246035
7.959599,7.346618
7.716565,2.199130
8.060728,1.466277
5.272025,5.398760
3.538713,1.847921
6.504156,6.848907
3.905104,7.438722
8.862533,7.603438
2.583813,3.080252
3.007301,7.060146
8.075572,8.485748
8.965758,7.052677
7.234751,2.538590
3.073717,2.030870
8.164215,8.347793
5.649320,5.355046
3.542080,2.949215
8.159259,2.389303
0.159544,3.261747
6.701170,2.271543
8.355878,7.692521
7.093441,6.462547
2.173302,4.012897
7.256936,6.525991
8.276554,8.763109
7.550392,2.414572
1.915983,2.436970
8.552788,2.698456
6.279561,5.125350
2.223226,8.200213
5.957994,4.602650
6.813002,7.059593
8.830601,8.532310
6.019953,5.137416
6.898552,7.226663
6.547245,7.438820
5.632776,5.146128
6.756270,7.103739
7.543842,7.619406
6.504467,2.474351
1.544914,7.506773
7.530507,7.947470
6.449591,6.669799
7.417689,3.133082
2.153280,1.465275
8.120259,1.988022
7.692679,1.846196
8.526080,4.977057
7.714469,3.554415
2.039516,2.471062
7.037524,8.058242
5.482664,5.632041
7.242170,2.433415
2.673259,1.544507
8.314322,7.768287
6.629350,2.808937
6.784346,0.056685
3.898284,6.998871
7.159346,2.188849
8.563444,2.728400
2.660302,1.586547
2.177500,2.972925
3.006608,2.330291
6.820021,2.634946
6.312001,4.833686
7.105776,2.798020
6.189390,6.579906
6.668865,2.256809
3.158240,7.228175
7.795113,7.758870
7.431981,2.488075
1.876267,8.408052
1.229131,2.472940
6.410134,5.691133
7.520442,6.866697
6.305533,4.334539
7.486892,6.957161
7.825361,3.311878
7.268564,2.897669
7.378900,7.317845
7.773223,7.409930
7.511661,7.027670
6.977317,3.798234
1.762951,3.207716
6.169430,5.108900
2.642353,2.772043
5.786189,4.837311
8.527592,2.374069
8.115116,8.081908
7.797763,8.834028
5.695421,5.192936
2.065979,7.499745
8.163439,7.388984
7.930257,8.093334
1.437868,4.323546
8.165651,7.472797
7.430725,3.873780
7.218924,2.590139
7.803925,3.397151
7.512407,7.525365
6.759816,8.537047
3.174813,2.510908
6.517788,2.446065
8.333321,3.133017
6.830853,2.366339
5.683990,4.849304
6.969857,8.191808
6.110078,4.686461
7.420720,2.789006
2.011682,7.452880
4.119943,7.436179
2.601944,7.425307
2.245237,2.897154
5.872291,5.517321
5.748060,4.793323
7.618248,2.370057
1.880670,7.202415
6.163831,4.709597
8.153830,2.337557
8.215154,8.540738
8.059773,3.217948
7.256793,9.050163
6.037467,4.811664
6.797834,2.237959
7.235585,7.058824
8.164857,6.686769
4.005224,3.611544
6.029178,4.277750
7.572147,2.605773
3.663130,2.526956
2.675210,2.346779
6.018622,4.997032
7.562788,7.871951
6.474054,7.563725
6.699584,4.093296
7.300508,2.807751
7.912353,3.012192
2.395366,6.775025
7.045613,3.083995
8.176066,6.938262
7.405981,7.780397
7.453999,2.594329
3.066774,8.158292
1.626751,6.859898
2.267386,7.752738
6.611465,5.390178
6.345118,7.642415
7.460923,3.018735
2.431457,6.632060
7.192432,2.518690
3.402731,2.716317
0.811060,3.573295
8.363517,2.620726
7.387236,8.344965
1.890552,2.830551
6.564913,2.375075
7.608764,7.289499
5.852992,4.911333
5.847001,5.480342
7.289280,2.800232
2.100976,7.705275
6.911791,2.867388
7.873885,8.351728
6.267288,5.894098
2.677666,2.166758
5.952618,5.501641
7.773059,3.013686
2.857101,2.234909
8.221327,7.635244
7.247609,2.373058
2.404552,1.281661
7.516361,6.741000
7.253746,2.581344
7.310824,6.453462
6.700819,8.066001
7.828690,2.458515
2.136282,2.371045
3.357849,4.239870
8.049256,2.151693
6.501328,5.036437
7.969762,2.207594
8.380066,8.842826
6.980381,8.054544
2.859396,2.772547
7.800507,2.484171
2.911454,7.389801
6.637045,2.607794
2.729702,8.193552
3.211852,7.980718
2.743141,7.838221
2.657416,7.331153
6.642762,9.715856
2.907889,3.538167
3.154792,8.123066
2.437292,2.628801
7.719156,2.281359
7.825936,2.308181
6.718782,7.468126
3.045900,2.336872
7.308275,2.668955
6.820782,2.412414
7.283800,1.916322
7.328732,7.766498
1.703386,7.764247
7.909046,1.627899
7.512867,2.184964
6.535978,7.815238
3.240800,7.200560
8.719292,7.427703
7.513411,3.239705
2.347144,2.530195
3.324061,2.763514
6.868600,2.792672
7.836925,2.385701
7.782707,8.585605
2.222803,2.708123
7.811074,2.552351
1.835048,2.617049
7.822305,2.282155
5.441833,5.278783
2.303118,2.517055
7.660671,7.172364
1.248950,9.709204
7.794894,2.506922
7.664849,8.212896
6.151811,5.691119
7.563578,7.167109
7.673875,2.050363
6.571357,7.708161
2.706783,1.979876
1.812798,7.408820
7.611191,2.772200
3.078622,2.641395
6.582001,2.327663
5.351567,4.856723
7.822893,7.728346
1.490512,7.092650
2.831246,2.960210
2.397728,1.773384
7.682451,5.785563
7.784258,2.463207
6.533596,9.265906
2.397267,3.708344
2.672335,8.162673
7.215043,3.008509
8.096388,2.740062
4.112179,8.174107
0.643896,7.053324
7.389376,1.881128
2.614929,2.770127
7.021151,7.452216
7.216457,7.265732
7.214378,2.391328
5.907236,5.311398
7.346405,2.164950
2.977936,7.687940
5.808386,5.252370
6.538099,7.112900
6.968631,3.511113
8.070584,1.944871
8.573929,8.492416
7.257805,2.158459
5.962181,4.999177
2.479789,1.976707
4.466713,7.603328
8.016871,7.751416
7.580871,3.933861
7.151941,2.852547
7.792148,7.524053
7.732656,1.584752
7.329974,7.504921
2.559291,1.479213
5.801686,4.995389
2.044604,7.822607
7.515614,8.683804
7.106572,8.096642
2.642111,7.884652
7.252885,2.847645
6.550732,5.365452
1.298420,1.313923
7.309252,2.605494
7.245369,7.068341
5.940576,4.960835
6.876627,5.174292
6.909913,7.128106
2.838498,1.218607
7.646964,2.796759
3.104615,2.978825
2.877883,7.760654
8.243879,3.208772
6.510709,6.340307
2.970256,2.908734
2.966319,6.903867
1.809187,8.515945
7.022094,7.507641
1.699666,7.846143
6.377909,5.113732
7.719543,7.996622
5.821966,4.826825
8.636754,7.755428
8.015991,6.697145
9.020599,2.990998
2.395080,7.687647
1.382643,7.938647
4.119877,1.506719
8.482972,7.380192
6.781471,2.422307
5.914218,4.642897
2.177780,2.446461
1.772586,7.764114
6.697606,8.074481
2.663820,7.872318
7.436662,2.441181
6.082629,5.090813
5.748942,5.020670
3.005376,7.449236
2.699116,7.846858
6.690809,2.385034
1.412724,1.083427
7.267212,7.825961
3.910397,1.191911
8.117611,1.416111
7.591102,2.404442
5.641681,4.867461
7.035598,7.292981
6.335962,5.507440
7.448119,2.487429
5.717423,5.325529
6.672993,3.266861
6.163158,4.669225
7.610145,7.360798
7.199867,2.387732
8.106741,7.566869
7.872622,6.819822
6.819123,7.784211
5.911266,5.110494
6.689089,2.687387
3.031368,7.312244
4.938578,6.392042
6.977438,1.774841
2.017553,2.016327
7.146755,7.606130
8.144559,2.891317
2.930300,8.345075
6.563256,3.134325
2.132554,2.479279
5.791075,1.684379
7.758556,2.291139
8.012416,2.663033
3.162592,8.627523
2.710470,7.665660
6.678522,7.192803
6.233981,4.928498
6.065043,4.855591
7.401240,6.537859
7.818823,6.336297
7.515008,7.944930
2.106429,7.275446
7.667319,2.687439
6.003820,4.807482
2.044601,7.785786
1.337009,7.554038
6.625189,8.042814
7.894693,8.814898
2.394777,7.363957
7.033854,2.819302
5.811078,4.881968
2.013629,6.920313
8.259604,6.427334
7.739604,1.711154
7.844382,7.632483
6.713406,4.941639
7.263272,1.855547
8.016413,7.982413
5.941548,5.523925
0.257080,3.889782
7.302211,8.544407
7.661606,7.618154
6.591141,7.864149
7.384001,3.013072
2.111150,7.854937
7.099250,2.117760
3.627615,6.900341
8.654143,8.223386
6.796583,2.631360
7.702157,8.102221
8.593801,3.011474
6.314639,8.058370
7.349397,3.412723
3.289966,3.256096
0.488660,3.166184
6.176813,5.481092
2.108236,2.923456
7.784498,7.805385
5.803246,5.109900
7.295255,3.269798
2.667380,2.745105
6.463929,7.128592
7.241136,2.749510
8.090940,8.324920
2.628255,7.239954
7.037012,7.499896
7.110690,7.088906
1.858055,7.964188
2.171183,7.434207
6.064368,5.107028
6.762350,2.558357
7.617416,1.842018
8.416397,9.418739
6.596675,6.585808
1.682207,1.953325
5.325112,4.879293
7.537025,2.798708
2.175843,8.100188
5.922866,5.343887
7.246216,7.607438
3.834160,3.545084
6.057600,4.779774
7.959179,2.333061
6.759372,7.921447
2.118099,2.639531
5.721795,5.150937
8.358975,7.741140
2.278025,7.354577
2.806241,7.243387
8.688390,2.190377
5.921166,5.135281
6.894170,6.699259
2.000796,7.794523
2.160573,2.898603
7.993879,3.198809
6.307831,5.175815
7.640893,2.602900
5.625464,5.553630
7.529544,7.881550
5.934438,4.811440
6.090822,5.594890
7.811884,2.239821
7.659994,7.117447
6.764622,3.222060
6.776386,6.917165
8.587010,6.930139
6.557360,5.017052
2.647578,3.473475
7.448279,6.847716
6.486505,7.133676
5.946249,4.602216
8.046946,2.587442
7.757639,0.512223
6.171475,5.405184
5.217950,7.255292
6.933576,2.376216
3.562528,2.692899
7.021478,7.143062
5.411000,4.514000
5.366017,0.721791
6.902800,7.310248
3.438162,3.490450
7.636099,8.573591
3.185046,7.338652
1.783294,7.839685
6.647293,3.087704
6.780214,7.019123
1.896861,3.605112
2.317688,6.991319
7.641982,2.196758
7.802105,2.350900
6.402809,5.448288
5.899108,4.965449
6.629298,4.257164
7.118454,2.197462
7.454920,2.656465
6.981243,7.089697
9.290706,6.271718
5.529954,4.633944
7.649415,2.540419
2.682614,7.373452
1.447937,9.323826
8.235947,7.580709
5.974353,5.007128
2.209802,7.260605
2.208124,8.226173
2.198091,2.417809
3.307683,2.270653
6.954970,2.772687
6.451111,7.310245
1.892521,7.136706
2.259180,2.005386
6.712377,1.656977
2.887300,3.619604
6.622111,9.180525
8.135947,2.392012
0.194510,8.278878
7.948458,7.325552
1.963115,7.202787
5.732944,4.429034
5.599155,4.098829
