5.801114,3.663907
6.426191,3.348299
5.048012,2.414431
2.303057,4.899550
4.126607,5.855498
2.272243,4.899825
2.271196,4.501534
2.900281,5.346605
8.168077,6.952046
5.455371,2.235363
8.183291,6.277360
6.705197,6.091366
2.652241,2.707420
3.718305,5.721120
7.743303,7.449332
5.688162,3.597036
6.813001,5.687323
7.309456,2.671187
3.583564,5.249465
7.830746,6.972182
6.919604,2.523545
2.981539,4.670479
1.590413,4.523521
3.406206,5.380281
5.757661,2.759222
1.372560,3.800226
2.380128,4.594661
4.253978,5.560702
2.431941,4.674370
5.042235,2.667359
2.321844,4.894463
7.630064,7.550921
6.360048,4.522863
6.675629,3.885131
5.866113,9.529701
7.802857,7.314327
3.448095,5.398019
7.270925,4.598114
6.562238,4.906923
5.485277,5.069133
7.762655,7.559655
2.006592,3.108878
4.936314,2.618681
3.596788,5.674897
2.471476,4.861411
2.954015,4.853621
5.167195,3.409573
4.739107,3.924148
2.820134,5.014580
2.836692,4.131820
7.167896,4.159726
2.823550,4.820521
6.373461,5.362430
2.450165,4.211021
1.394960,3.894374
3.625999,5.169895
8.568392,2.879374
8.111730,6.119925
5.216666,6.369773
2.205099,4.766752
6.693991,3.790191
1.562338,3.851200
7.490701,7.342203
2.437302,4.887951
2.799501,5.207440
4.612316,6.525876
1.587900,3.821706
8.569357,7.271080
6.431942,4.156576
7.395591,3.233307
6.987452,4.022228
2.131974,4.201842
7.926751,6.070752
7.824649,7.442823
5.922690,4.518600
1.866320,6.117432
6.151698,3.003515
6.839205,4.582344
5.884326,2.747417
5.483170,2.890535
4.280324,6.586829
3.759009,5.544224
6.755163,6.490981
5.059561,2.701485
5.991328,4.267015
1.816422,4.004562
2.447879,4.396376
7.316664,3.415393
2.501637,4.265484
2.639914,5.281621
6.379503,5.098693
7.929526,7.982213
3.679253,4.895478
3.097236,4.821256
4.293342,2.869423
7.719824,4.709588
9.994088,8.878054
4.760023,6.794073
5.524744,2.796712
3.164465,4.481069
6.219446,3.261570
3.092404,5.483287
7.855141,7.085048
3.343057,5.352872
6.599993,1.945368
8.004980,6.462945
4.217436,6.261379
6.829155,3.554539
6.063790,9.640501
8.607872,6.601754
1.270881,3.723712
1.975560,3.954384
7.078474,4.579866
4.309687,5.324279
5.191284,2.970666
2.276723,4.182500
7.989312,6.744900
4.527909,6.125806
6.129827,2.537952
6.130029,4.444329
5.573539,2.265495
3.726657,5.762696
6.875582,2.488408
7.676973,2.517042
1.414969,4.384972
5.153302,4.804488
2.589633,4.555555
7.901958,6.973791
4.160260,4.484963
0.987398,6.934164
5.862983,2.978167
5.700518,3.489628
6.692992,2.101570
8.190999,6.555943
6.000442,4.642446
8.052905,2.824215
6.463750,5.826237
6.960156,5.155270
7.050707,4.958309
4.242044,2.454122
6.879304,8.310143
4.376629,2.159772
0.035760,3.357026
7.155190,5.899768
2.539764,4.640584
7.964091,7.284988
4.219772,2.703284
7.944849,7.401817
2.551650,4.988286
2.610169,4.916205
8.312512,6.890622
6.411566,1.863593
2.242580,4.040376
2.395575,4.579890
6.743590,5.004349
6.716986,4.602484
5.819156,5.833368
7.384699,1.522554
7.012714,2.231676
7.801130,7.108624
5.175250,2.386334
7.744540,7.456005
4.450042,6.076657
1.411123,3.639738
7.190713,2.326579
6.139115,8.617510
5.552884,2.304230
4.064845,6.060078
1.845428,4.310054
6.921035,3.095724
6.558400,3.716496
2.533755,4.451981
5.204299,4.677627
7.840680,7.360641
8.007006,7.146537
2.840649,4.863805
8.458571,5.828861
0.382355,1.710576
5.889879,2.880316
7.616885,7.817583
8.415560,5.980110
7.820627,2.186097
3.207130,4.093010
5.496862,2.752186
2.514028,4.121942
6.139457,4.747483
5.720443,3.380532
6.733587,2.079613
2.140752,3.926335
5.451376,3.708302
3.422925,5.871877
6.714133,4.828752
5.831766,2.469058
3.754405,5.588442
8.216974,7.090673
6.536550,3.116880
7.859433,6.771135
8.069991,6.998254
3.510056,5.610035
6.419606,2.419454
6.593093,2.563519
5.279053,2.920021
6.553435,2.186759
5.870531,4.456246
7.660707,7.569860
3.542317,5.602371
5.245988,1.971032
4.171107,6.260534
7.909627,6.736254
4.711272,6.337576
7.841891,7.218581
7.235078,5.076368
7.509484,7.191652
4.496352,5.772049
7.930786,6.638220
8.300970,2.260240
6.483380,4.036948
7.904560,4.990324
5.118382,3.828380
1.635046,2.433125
2.736573,4.940207
7.801871,7.721016
3.126699,6.650018
3.969306,5.191830
3.643040,5.664998
7.490359,8.201991
7.008154,2.842943
6.544864,5.841751
7.732558,7.217190
8.755917,6.455180
7.126707,4.371133
3.272043,5.235506
8.019138,7.599464
4.422105,6.080256
6.767031,3.713407
3.518957,4.874472
4.520912,2.447980
8.150215,6.807191
4.282425,5.428194
3.111236,6.795321
8.098904,4.536207
6.861531,4.577181
3.237257,5.784999
2.658500,4.054043
3.564753,5.907282
3.581818,5.425853
7.655006,3.953525
6.567352,5.479284
5.572523,2.911745
2.876078,5.591567
8.579297,2.507539
8.214625,6.162038
0.784387,3.270342
8.073113,9.021860
5.728936,4.361729
5.991325,2.198543
7.005374,3.143063
6.387852,4.458525
5.249297,3.024588
3.639409,9.374587
7.154675,2.258945
2.434044,4.662792
8.166400,6.885696
3.520900,4.890180
2.372128,5.051140
8.626679,6.432298
8.848390,4.637671
7.184423,2.463520
2.330744,4.186116
6.190301,4.310633
9.548866,9.319309
8.046683,7.098451
6.877301,2.325661
3.526213,5.313011
3.133251,5.755669
4.927430,2.064271
5.716342,2.353742
2.240282,4.544720
8.263412,6.319026
7.110384,4.248210
7.530969,7.779841
4.107233,5.969133
2.950432,5.129580
2.280092,1.859068
6.368724,4.144411
9.468152,5.756370
6.340750,3.974339
5.817100,5.545778
2.093217,3.836324
6.710935,2.548735
6.745149,2.137005
3.855163,5.522760
6.684685,5.641137
3.810346,5.075213
7.949346,6.872332
6.303615,1.991243
3.859195,6.140671
4.106052,5.353773
1.245398,3.629199
5.797247,2.230106
5.873436,2.352794
2.057772,4.257707
5.878958,4.888661
4.748782,7.287258
6.735811,3.025321
5.792789,3.967745
7.741818,7.303630
7.156492,2.311859
6.131686,3.000426
7.395725,6.720134
3.822868,5.567692
6.231939,5.019479
5.454091,2.530109
4.388138,2.538121
3.931819,8.492778
6.599938,4.813579
5.106604,5.405331
2.393931,4.426637
6.950356,2.658870
5.844240,2.702257
8.023312,9.176957
2.168622,4.082102
8.168495,7.089866
3.376208,5.709819
2.503066,4.540117
8.504993,6.182468
8.307387,6.255719
3.167339,4.924514
3.643805,5.682406
4.647502,6.498775
7.115073,9.019104
6.676906,3.739487
2.420783,5.337576
1.396324,2.710808
7.892621,4.880300
8.196530,7.031642
8.136447,6.539626
7.478325,4.795066
8.474420,6.164721
2.691409,3.991632
6.169550,2.048523
2.250440,4.892377
2.562900,4.983888
8.137534,6.507977
6.883461,2.393308
5.298525,2.153503
1.724419,3.531578
4.891074,2.200285
2.605221,7.145570
8.009882,7.382927
4.098627,5.181453
5.832437,2.387710
3.789098,5.493417
7.571833,7.159058
6.807381,4.554909
2.303923,5.298139
7.623951,7.494964
5.334112,2.271583
6.315620,3.475066
7.991321,6.909787
3.389594,5.058052
8.026560,6.813987
5.673928,3.139385
6.242808,4.074480
0.842613,4.222364
2.289515,4.112377
8.530159,4.517069
2.161647,4.458435
6.460249,2.373603
2.536241,0.724183
2.850383,4.171782
7.739907,7.267172
3.052856,4.953381
6.542227,2.513656
5.085814,4.397355
6.154120,2.117762
2.084219,7.375318
6.536415,4.150907
7.847899,6.954229
6.453048,2.242236
1.516168,4.303235
6.462402,2.715271
6.670213,5.475685
2.908788,4.656210
4.821148,2.444703
7.092319,5.049292
2.911243,4.614165
0.810524,1.642038
7.599044,7.545532
7.367806,7.782089
2.355756,4.692056
6.320625,2.633866
5.055226,2.222982
2.866710,2.627793
6.014363,1.781615
7.820871,7.526337
6.276705,2.034343
4.133706,5.841711
5.872009,2.036120
4.850625,5.626572
2.957458,4.678197
6.274331,2.756034
6.080973,2.452068
2.887022,5.368386
5.920615,2.636040
8.061135,6.893541
6.028175,1.807578
6.423590,4.553656
2.484651,4.076202
2.634212,2.424066
4.431510,2.066709
8.162494,6.275049
6.168470,1.502404
6.792376,5.179166
5.396465,2.100847
6.678397,3.255253
5.943488,4.231033
7.675727,4.359547
8.431023,6.328157
3.602646,7.900230
0.753549,3.242478
1.306872,4.161982
1.740862,4.156201
7.098341,5.040750
6.401237,2.385116
5.980420,1.833013
8.518127,6.368582
6.063466,3.544991
1.490646,3.992384
3.197413,4.915664
6.436108,3.714931
5.807125,2.551747
5.774317,3.302886
4.883118,2.618974
3.830283,2.215344
5.120854,2.865190
6.803015,3.425791
7.559583,5.436682
2.842468,4.762320
3.693636,5.126787
7.992352,6.552118
8.619257,6.936752
2.921102,4.759328
8.059087,6.592036
7.972315,4.539837
8.115873,7.285391
6.320712,4.222750
7.817193,6.942751
8.166771,7.462480
8.164215,6.975667
2.605498,4.735388
2.494626,5.232849
6.113818,4.405757
8.027801,6.509873
5.612612,4.225625
2.487212,5.087272
7.727208,7.785081
2.811414,4.867688
3.055359,5.382737
6.182972,4.022560
2.567285,4.851525
3.121756,5.129812
6.712777,2.889138
5.504022,2.478151
7.973143,2.344374
7.254058,7.656672
3.369011,5.674050
7.556258,4.059773
3.236472,5.352014
4.562756,5.984330
6.823957,3.436467
8.628753,2.670093
2.374956,4.570461
4.029033,5.781491
2.301315,4.218923
7.548595,2.218871
1.903317,3.953536
7.222315,9.185052
6.570950,3.785330
8.509333,6.734680
4.625126,3.028189
7.043824,3.920608
4.409598,5.247554
7.922206,7.130684
6.738627,2.523853
3.055441,4.663623
5.961986,2.628447
6.676997,4.345334
7.698507,4.299301
7.681068,7.402053
5.879114,2.246302
7.922332,6.907833
7.461819,7.735664
8.039335,7.007425
5.224311,2.219296
2.561048,4.614229
6.545776,2.194748
6.920270,4.943057
7.538259,7.413743
3.537302,5.627196
3.533151,4.847147
7.662438,4.592678
3.200048,6.215879
8.182727,6.850407
4.415573,6.370038
5.955845,4.094202
7.681326,7.795381
5.484354,4.189699
5.517419,2.191364
4.500018,3.068705
5.089335,2.691792
6.900747,2.560373
3.207750,5.522631
6.890377,6.431220
7.980226,6.761576
7.288307,3.202515
5.446301,5.031159
8.135875,6.845729
6.154462,3.468824
0.690652,6.200917
3.377334,9.188008
2.386936,4.080014
6.309590,2.447726
6.258822,4.347278
9.262574,4.802884
8.626172,4.278357
5.965017,4.185672
7.540700,3.819853
3.499593,4.970918
1.474892,4.281918
6.764920,2.901596
7.315185,4.542414
6.437043,2.577361
6.015562,4.476606
8.035180,6.654633
5.313930,2.505712
2.804215,4.753719
7.465294,2.312318
3.271943,4.665621
7.162730,5.295217
5.182044,2.314041
8.225324,8.193483
8.908797,1.394383
6.859586,4.037018
7.470604,1.751603
7.537488,2.632588
7.995395,3.896062
5.716728,4.119639
8.303282,6.872789
7.536040,6.114505
3.097020,5.146060
2.627011,4.141882
5.883178,5.095993
2.611187,4.931887
9.893936,8.780334
7.228375,3.664612
2.890781,4.624374
6.343854,2.366344
7.819721,7.751192
5.084167,2.788505
3.022812,5.081340
3.280882,5.945079
6.570814,4.118463
5.697340,8.059441
6.474791,4.267210
2.750432,4.491980
5.252313,5.077045
7.804177,7.384948
7.928729,7.492648
6.324470,2.611007
6.033658,4.575027
8.070255,6.959100
6.900997,3.660864
6.647778,2.812801
4.212199,5.789291
6.520016,2.617542
7.227619,4.547020
3.707874,6.485555
3.000925,5.311764
5.804377,2.492370
6.844854,4.242419
7.848121,6.955224
7.420297,7.989241
8.064033,6.813922
7.683160,7.689306
3.491951,5.464787
6.936152,2.397656
0.454217,8.766072
8.198782,7.022854
6.249435,2.853207
1.069884,3.961703
7.890177,3.810556
3.184628,4.649138
6.958403,4.293259
9.247581,2.096400
6.047510,2.216697
7.282069,8.546311
7.035925,3.496101
5.714737,4.989795
7.816378,7.026413
8.271118,6.365426
2.112126,4.425848
8.528933,5.845496
5.433038,4.777690
6.551401,4.673957
8.056369,6.929006
5.338172,2.580186
8.100223,7.304948
5.568472,8.374838
2.726559,4.776174
3.742880,5.213648
5.077393,2.222535
1.319134,2.750799
4.486183,6.288791
3.439868,5.387337
7.826152,6.695865
2.652122,4.196006
6.009127,8.938217
3.459943,5.190223
4.466715,5.975728
6.405892,4.001816
5.646374,2.689550
6.294083,4.157271
2.885672,4.407638
6.846822,3.620060
8.379097,7.060768
2.106603,5.355884
5.594032,4.136886
3.635554,5.184600
0.221893,8.869008
8.195993,7.179629
7.775501,6.297171
6.874278,2.145537
7.957172,6.561155
3.504866,6.080631
7.996233,6.781955
6.800137,2.656696
6.352315,4.573922
6.398227,4.282171
8.924289,5.521331
6.417262,2.392012
7.803220,8.019037
5.764448,2.802275
7.965647,7.831685
8.406285,6.342840
5.572543,3.877441
1.740684,3.672652
6.336859,2.909230
6.718522,4.001664
6.668223,4.569573
2.267261,4.392119
8.342213,6.321780
6.256628,4.831893
2.342087,4.682210
3.636099,5.339479
5.337297,3.689997
8.101253,7.233196
7.679285,7.207792
7.564697,7.261303
5.959176,3.806672
2.844087,4.460052
8.430231,4.983408
4.382004,5.604528
4.045249,5.831568
7.382829,5.705709
4.540214,2.872338
2.764546,4.685597
2.231547,4.102920
4.839771,1.917722
2.929003,5.851265
4.634591,5.797134
5.705496,2.529903
2.881403,5.602866
3.293038,4.290999
2.650798,7.822117
2.581528,5.074643
7.495088,3.964692
8.344387,6.039986
7.323839,4.318087
3.233577,5.034782
6.237109,1.969454
6.454467,2.637334
5.969721,2.851666
7.059261,2.402543
6.386514,4.261226
7.373072,2.487796
8.058650,7.205880
6.646437,3.695085
3.882519,5.217084
8.132420,7.029847
0.944471,9.841995
5.824108,4.505133
7.982566,7.264907
8.567770,6.254125
6.222183,5.353038
1.853436,4.735679
2.797675,4.835269
4.150101,7.419191
5.734692,4.224628
6.555203,5.635047
8.109845,6.907402
4.423207,2.439744
8.148170,5.382799
8.039957,6.668861
6.981317,2.320573
6.248554,1.644451
3.153660,5.252788
6.401337,4.310301
8.015120,6.949979
6.457912,2.721285
8.117805,7.131065
7.941461,7.483576
7.371779,8.623008
6.661689,5.013336
6.726555,5.221427
3.724129,2.219790
7.493519,7.790779
7.885425,7.051826
7.712038,7.111699
8.562355,6.057122
7.399266,4.228693
8.308114,6.888898
7.169507,4.956946
4.576365,5.817381
2.841952,4.859052
3.195605,4.579649
6.187215,4.421203
3.587339,5.586639
8.295839,7.018156
3.378186,5.673117
6.793220,4.555720
8.119160,7.331732
3.672340,4.826716
2.613832,3.755499
3.750082,6.195175
2.464629,5.114776
6.451457,5.563721
6.112128,2.297633
3.559914,5.087643
8.025179,7.183131
7.757324,4.058455
7.257322,7.654752
7.580519,7.815793
8.288476,7.009099
6.986120,4.563428
8.099003,7.267398
3.320090,5.374848
2.986115,2.264444
2.526615,4.274631
6.193374,3.013609
2.120900,4.658383
8.268395,7.019477
6.793740,4.277867
7.775400,7.891260
5.789299,3.981536
7.647604,4.425445
2.419858,4.187536
7.004089,4.532809
6.303315,4.445356
4.857336,2.294894
6.525656,2.749061
6.807734,2.126244
8.414314,7.037625
3.671639,5.712952
2.563004,5.268510
8.359289,6.492181
7.900482,6.671606
5.041775,6.334573
7.177920,4.260146
0.170158,4.647712
6.586442,3.515912
5.193014,2.332530
7.881373,7.383058
7.673855,7.132696
6.093143,2.779752
8.082411,7.086609
7.749395,7.312110
8.322339,7.070853
6.127221,3.270678
7.127581,3.963247
6.375242,3.093462
4.248820,5.837901
7.894183,2.482117
5.814939,2.280637
5.018960,1.872341
7.738979,7.499495
5.675969,2.746950
2.966346,5.215890
2.824352,5.419748
5.539428,2.622151
6.499652,2.927322
4.931447,2.461254
3.745719,5.282546
0.425121,7.380579
2.534177,4.323728
5.023265,2.250852
3.087037,5.051108
4.555770,2.572883
6.662121,2.167676
6.378758,4.211417
9.037194,7.144738
8.059010,7.006065
6.891365,3.805665
3.699660,5.261040
2.701596,4.961327
5.665973,5.015831
7.128225,3.004105
6.355282,4.368312
6.059819,5.011988
8.502420,6.899623
7.028419,4.252800
8.720378,5.470101
2.662868,4.683655
8.129616,6.833667
6.370727,2.488227
2.841760,4.844761
8.069479,7.100501
8.134852,7.161016
3.894765,5.741780
5.787681,2.529916
3.838763,5.228537
6.598023,2.666106
7.304584,8.123743
1.842169,7.510127
3.197239,4.991473
3.051786,4.908310
6.115347,2.607613
6.091074,2.655192
4.350496,5.712416
3.661714,5.872761
2.438514,5.112200
6.090331,4.640774
7.679289,7.376579
5.759146,9.712632
1.729930,4.151874
6.721121,4.856633
6.485072,2.455693
2.649817,4.577371
6.548311,5.237871
3.765265,6.127672
1.541490,3.789427
6.975341,6.010109
5.828924,4.103689
8.043332,8.144256
7.940311,7.424853
6.437155,5.488960
4.209935,2.173411
8.026717,7.274434
4.636377,2.747124
7.510699,7.647478
3.183793,5.669150
4.213952,6.272484
7.025095,3.255052
1.160653,3.500401
4.114423,6.180620
8.174159,7.272410
0.024625,8.640257
8.498172,6.303135
3.860091,5.684399
4.580237,4.575645
8.094691,7.242331
1.836081,3.650577
8.327636,6.238254
8.146532,5.115959
2.514295,9.472638
5.094225,2.346293
5.160779,3.070016
3.269358,5.141454
2.193972,4.738456
5.811384,5.012085
8.552308,6.605729
3.376734,4.971928
5.827796,2.772787
5.854186,2.515282
5.552098,3.063962
7.708882,7.617005
8.266779,6.870286
7.824208,7.517891
6.047121,2.776645
6.960264,2.784465
4.933812,5.665803
2.510490,4.875236
6.325779,3.947018
8.516955,7.824662
6.007672,4.475350
1.905707,3.964194
6.829146,3.762874
4.005811,4.049210
7.847296,7.269326
2.557505,3.852526
8.221169,6.252409
1.615417,3.858935
2.342705,4.681951
6.497896,4.426056
6.259345,2.695084
7.433308,8.203797
2.061600,4.591318
8.503641,2.341416
8.029306,2.067352
4.432648,8.921154
8.144925,7.162125
3.810691,5.684735
4.970535,2.036133
6.708546,4.121896
7.870126,6.875918
3.769801,5.959591
2.549767,4.469196
1.276354,3.903439
5.339084,2.836447
7.835248,7.328823
3.155289,5.298403
6.350199,2.635421
1.928408,5.218068
6.444328,5.280827
8.272784,6.251017
7.116754,8.752261
5.269261,2.330086
8.230800,6.620091
2.956578,4.778173
6.679894,2.432274
2.703643,5.260259
7.877531,7.192341
7.130490,5.331294
3.322499,5.266614
8.316817,6.870569
7.881471,4.318595
7.191100,4.037321
2.866931,5.112257
1.891740,3.786859
7.956672,7.049863
7.856328,2.843285
6.320778,3.981666
2.906870,4.972932
2.303939,5.067718
6.747953,5.321854
5.702056,2.506635
7.481582,7.270453
7.377109,6.096633
4.964139,2.572212
6.655229,5.197442
6.317527,2.565575
6.722087,5.009385
1.621991,3.928675
9.109055,2.538919
5.920794,5.087895
6.065942,4.444693
7.822075,7.083255
5.401508,2.436596
6.186236,2.621427
8.003893,6.517911
5.100284,5.059843
6.742156,4.042831
8.990663,8.309230
6.749475,4.249225
7.816829,2.409830
3.078550,4.390295
7.469052,7.811642
8.220494,6.039484
6.042444,2.679012
4.866216,2.528531
4.014245,5.630565
7.918383,6.615507
2.752830,4.913870
7.467262,9.150059
7.695564,7.254472
7.112826,2.321810
1.987742,4.968218
2.766238,4.857602
2.805180,4.927753
3.234032,5.322568
6.189813,3.063670
5.349278,2.265890
5.713431,5.344534
8.003179,7.604090
4.558257,2.019825
3.349274,5.618308
6.103581,4.739817
1.944378,0.398667
7.171727,5.701244
3.797640,5.371045
3.393972,5.480124
6.168237,2.464169
8.275153,6.860413
6.269747,1.906827
4.083431,7.841013
7.808240,7.013736
6.088347,4.426695
1.919729,3.814390
3.942352,5.753877
7.525084,2.225094
5.061980,2.337489
6.495109,3.922576
3.024686,5.502713
5.357026,2.483036
7.915324,7.462340
7.818063,7.295057
2.769441,4.887576
5.283041,2.051139
7.667242,4.170427
7.172517,4.427166
6.552620,4.705913
5.501200,5.221068
5.412466,2.555480
6.419592,2.686484
6.763117,7.061268
2.854110,4.852008
7.925463,6.540646
8.398308,6.475668
0.836367,3.448878
7.876527,7.560285
5.633551,2.165947
7.655089,7.039467
3.081798,4.923159
5.687556,2.438225
3.446063,4.980275
8.020181,6.857098
7.713080,7.500099
3.730894,5.658204
8.249764,2.786178
7.463882,8.284358
5.899591,2.074220
3.563436,5.742050
3.320877,4.628794
8.450737,6.260189
7.224181,2.279480
8.464145,0.748346
8.054596,7.483691
3.635087,5.252911
2.493129,4.424556
8.133745,7.029696
8.017562,6.373402
8.379339,6.143966
8.803238,6.453458
3.957606,5.395781
2.622892,5.453796
6.405308,6.014308
6.402569,4.501066
7.755608,7.128787
7.095834,4.885093
2.506224,4.719782
3.406995,4.323663
5.757927,2.374623
6.828558,2.673602
7.762417,7.465089
3.882743,5.958409
6.236561,2.467056
7.758959,2.264956
2.968223,4.858568
5.568487,3.596769
8.928456,5.459703
7.695855,7.206870
2.858669,5.079470
6.428984,5.009914
4.559222,6.269235
5.576425,2.558278
7.585243,3.178440
7.251594,1.632055
5.505851,2.660773
8.196506,6.846979
5.206798,5.263619
3.895826,5.557382
6.632808,2.221620
6.700704,4.615393
3.727858,5.141702
3.221654,5.616950
5.161300,2.211578
5.434991,2.319250
8.044774,7.497361
9.920063,9.693763
8.309098,6.344548
5.570868,4.521507
6.374078,3.371211
8.341120,7.169050
5.136999,2.539510
5.202989,2.547909
8.363233,6.275127
2.171359,4.608077
7.851568,7.366339
8.121135,3.999759
7.983036,0.018384
4.639862,3.821065
6.322167,2.354170
6.579202,4.514069
4.275072,2.535178
3.348035,5.338718
4.267378,5.437978
6.091509,2.044169
6.585801,2.714046
4.598797,6.201915
6.388031,4.956634
5.716278,4.985742
5.812105,2.378655
2.259116,4.794720
3.332400,7.820943
5.846315,3.369100
6.047744,2.257833
6.981598,2.103887
6.311131,2.610661
1.252443,3.832987
6.788902,2.607255
4.428189,3.010062
6.180832,3.832221
3.356054,4.905213
6.171018,3.770292
7.658325,7.508518
6.260654,3.477940
6.268804,2.068784
5.987657,2.605130
8.737127,6.371926
2.951522,4.750423
5.170872,4.982930
7.883687,7.103397
1.394201,3.770933
3.328130,5.065119
8.205360,7.160234
9.847154,1.208670
4.259951,6.138299
8.063434,7.315353
7.351318,2.600039
5.982458,3.674538
6.553198,2.422953
7.002072,3.173928
3.121595,5.321030
6.531311,2.867868
6.122673,1.911872
6.112142,2.489184
7.897442,7.234976
7.890409,7.166022
3.486555,5.069047
2.902417,4.954885
8.313927,6.462633
4.563359,5.818344
5.291844,2.572458
4.562714,6.165125
7.603156,7.039662
8.297753,6.798111
2.815328,5.308053
4.355690,6.057944
7.706807,7.153064
8.255624,6.360658
0.472929,2.921043
7.660652,2.394234
3.068202,4.972007
4.859709,2.443320
1.468929,3.730431
5.793512,5.373782
8.491326,6.472224
5.727199,5.567680
6.922943,4.407868
0.627900,0.430397
5.587842,7.003574
8.453405,2.003099
8.326986,6.547958
2.947449,4.409601
4.831694,2.519434
6.642326,4.054341
5.809462,4.877840
0.340178,6.311676
4.028339,5.617576
7.822132,3.328550
3.302246,5.196279
8.044695,7.115882
1.281853,3.414100
3.042927,4.642994
2.405340,5.035949
4.505306,6.293911
5.962169,2.662886
8.041350,6.590664
5.623636,2.536086
1.602481,4.211699
6.034409,2.767843
2.898884,5.175355
6.966487,3.695162
7.545393,7.308304
8.031639,6.813813
1.464325,2.956055
6.518518,3.570873
6.027167,2.593535
2.288066,3.620717
2.216658,4.409200
5.478744,4.346853
2.010213,3.658170
7.767691,7.401436
6.613708,3.029293
7.945062,7.056105
7.286784,2.725252
6.744289,4.699768
2.933351,4.654924
7.835926,4.738517
3.434025,5.575004
2.188880,4.929985
5.858427,2.832474
0.176570,2.169836
0.168695,6.787539
6.396958,1.783381
7.705433,7.877115
5.472251,2.040240
6.338245,1.909708
8.070314,7.492329
6.569624,4.450200
7.528569,8.374626
6.468201,4.452998
2.333268,4.643816
4.572633,2.467636
2.550086,4.668331
1.929213,4.679616
4.176394,5.185192
4.234733,5.875425
1.424057,3.897666
5.797961,2.005147
5.690651,5.288719
8.543952,6.288196
8.019586,6.887111
1.196934,3.968931
2.262668,5.267025
6.272090,4.215811
3.645799,5.116540
2.582009,4.541225
7.477439,0.196924
6.164631,2.919284
6.586552,5.272288
2.009902,4.662840
2.976449,0.943892
4.347220,2.664764
2.817618,4.908592
4.514858,5.823833
3.334368,4.514052
8.276110,6.591552
8.476085,6.235876
3.062989,5.317257
4.206360,6.207419
4.635918,5.965920
3.303060,6.106357
6.873460,2.477796
7.056851,4.388546
8.159182,6.630085
3.254170,4.878310
5.858400,4.435975
5.764388,2.415596
1.904792,3.738076
2.539476,4.604100
7.203318,5.384264
3.519454,4.836456
6.708529,4.994281
7.869620,2.385711
3.064129,5.178175
6.789990,4.273048
6.103667,1.960982
1.843642,4.589243
2.376207,4.484110
5.831938,4.224162
9.180447,0.191728
8.174241,6.888983
7.865109,3.700945
5.621169,3.159486
5.039695,4.914237
5.705174,3.821121
1.536303,8.356677
7.982067,7.637576
7.951729,7.683698
7.680777,2.269314
3.919719,5.199443
2.016538,2.977251
4.857791,3.207631
2.434060,4.473069
6.706032,4.636355
5.483158,3.769806
7.971166,6.246040
2.610359,4.807705
3.149619,4.982647
3.377506,5.328872
6.020243,3.972573
2.540168,5.244266
3.281529,5.256261
8.210564,5.189874
2.370034,4.903403
7.693266,7.512768
4.302910,1.907990
4.355451,5.788970
6.355865,4.105824
7.529724,7.649778
2.468870,4.454347
7.955497,7.192657
8.009611,6.777314
7.154071,2.465524
5.879074,2.369128
7.182589,3.854707
2.357960,5.381108
2.035977,4.572947
3.342123,4.635525
5.970509,2.267131
5.788688,2.393425
2.224398,4.056762
7.985507,6.796934
6.050915,2.858811
7.221367,3.450993
1.934912,6.145375
5.921919,1.867543
1.473752,3.999677
7.139419,5.581974
4.661111,6.259452
6.386668,3.022198
3.848894,5.517523
4.440507,6.212225
3.538293,5.338073
5.968222,4.502895
6.196262,2.304711
5.547610,2.251895
5.208524,9.886649
3.342758,4.918018
7.619640,7.240385
3.137768,4.738835
2.456793,4.413954
3.073265,4.609794
8.297335,6.428843
6.055428,2.450951
3.634134,6.051471
4.944106,2.657181
4.795720,2.822206
3.951622,5.923529
5.400477,4.781520
6.034153,4.751377
8.132312,4.509955
6.927718,5.559321
5.456424,2.728584
6.153705,4.123471
7.484540,7.818321
7.926373,3.023891
2.518923,4.452157
7.057626,2.203511
7.372862,4.594349
6.033888,5.464864
4.765519,2.770295
4.668473,2.508865
7.316831,4.575217
6.415724,3.763786
4.526730,5.966368
3.664843,5.506342
1.643231,4.470004
8.064338,6.657341
3.635116,6.060960
7.912573,6.987583
6.322184,4.981075
4.907130,6.784775
6.342361,3.770561
6.595893,1.965093
6.661329,2.079022
6.385161,5.178498
0.544517,4.050352
5.705633,3.797183
6.767510,4.428923
3.287514,5.346862
6.689814,4.188403
7.649919,2.310185
8.133419,6.887394
5.303662,2.527699
5.393515,0.869739
5.412782,4.878761
5.682725,4.524066
8.305596,6.684853
4.518076,6.419311
6.098048,4.811021
6.857710,4.399353
7.138916,4.520884
8.065808,4.892646
7.840358,7.249883
3.791238,5.638878
2.682047,4.677084
8.463181,1.371544
7.984033,7.091090
7.014396,2.398310
6.240977,2.323515
7.892021,7.516074
3.019375,5.039176
6.581882,2.224086
2.814549,4.982370
8.154284,6.693749
7.207439,3.306003
6.071556,2.639274
1.125174,3.980205
6.751058,4.689569
2.503717,4.195029
2.091645,4.043078
3.063769,5.026316
3.580277,5.662884
8.009517,6.760064
2.636827,5.036227
7.941513,6.909816
7.823958,7.559384
4.022910,5.699929
3.110112,5.406769
7.822300,7.453437
4.116737,5.123885
5.455944,2.309628
6.093339,2.323955
7.896620,6.608364
6.491987,4.698722
7.266345,2.052200
8.087787,2.966064
8.105347,6.775811
3.216243,5.439432
3.062185,0.581964
3.343515,4.713843
6.633145,2.292742
7.800935,7.132833
2.397310,4.313500
2.750709,4.887940
7.984727,6.566237
7.960177,6.585814
7.955326,6.547341
6.403346,2.247897
6.613596,5.227963
5.039349,1.850645
1.970406,4.235598
4.076727,2.342457
5.709772,2.197676
7.991103,6.934692
5.510648,4.825811
1.380843,4.450469
3.108271,5.006850
1.733852,3.938539
3.754050,5.724057
6.581613,5.076832
8.302500,7.310087
5.853935,9.249131
2.417714,4.433672
6.169475,4.699176
7.916040,7.407463
6.364895,4.600864
4.138744,6.142742
5.520465,6.867758
5.611860,2.305996
2.970314,3.070114
0.561566,9.882927
4.724676,5.419714
4.134485,5.864897
1.980866,4.038472
7.902694,7.464373
7.560528,7.539158
5.502541,2.448671
3.889096,5.645690
2.659511,5.074889
8.018227,6.560120
6.639719,5.064483
7.791180,7.529029
2.619235,9.207110
6.331395,3.886764
6.348321,4.881615
7.509084,2.098068
6.149483,3.866931
5.802084,4.258188
8.223181,6.443205
2.876004,4.684607
5.742571,4.697348
3.508030,5.541348
3.382325,6.317191
6.583855,4.094764
7.957252,2.563184
6.656484,4.265012
8.631045,6.349790
3.381254,5.598515
3.703167,5.524924
1.952425,4.045404
2.595636,4.286702
6.350141,2.454316
6.054844,3.801830
6.859117,8.733700
8.445960,6.338175
8.424380,5.772867
4.168443,3.153829
9.147793,4.271396
8.725305,5.944408
3.858862,9.858112
2.440228,4.617470
5.585585,1.967990
6.142679,2.822686
6.505227,4.757803
3.743528,5.263513
8.365204,6.221486
2.773899,5.131327
3.953279,6.286792
6.084541,5.241083
5.279843,1.040493
2.006646,4.312396
7.011439,2.559214
6.972508,4.577449
7.577304,8.408608
2.442594,4.957001
7.641960,7.170777
6.339608,5.728584
5.882593,2.535538
5.907546,4.811534
6.446793,2.653786
7.859363,2.557357
5.164667,2.432093
5.694517,4.519752
6.518341,2.452051
7.683054,2.387775
8.332790,6.118700
7.399690,6.978141
3.241810,4.957943
7.340752,0.984056
5.480256,3.326036
5.434849,3.036222
6.137178,4.710924
0.428818,9.463171
7.489078,7.945573
3.659453,5.877953
6.458678,2.040227
6.429711,4.224370
5.944086,4.515731
4.758743,3.062673
4.858331,2.400419
5.859976,2.780433
4.910701,4.221140
6.765162,4.907190
4.127928,6.155093
8.385522,6.314906
0.489944,0.930832
7.236103,3.009157
5.729139,2.439570
7.494187,7.750153
6.558444,3.922844
5.677595,4.603296
6.356228,2.750638
8.064787,7.415038
3.184253,4.657243
7.351019,5.025459
7.617934,7.154713
2.520366,4.920446
1.326072,4.078637
6.884479,4.343438
4.199539,5.968702
3.689927,2.653116
2.002133,4.633332
7.467642,2.273397
4.152145,2.360625
3.653776,5.009125
2.321352,5.076769
7.996967,7.337514
4.615352,1.911699
7.453261,7.962640
2.468511,4.667152
7.620177,7.570271
2.442367,4.353116
2.857356,5.081117
7.791543,2.329950
6.234938,2.658438
7.168145,2.855110
7.939020,8.123047
5.457803,2.804687
3.181177,7.210902
5.361499,4.153014
8.141005,6.475848
3.546331,5.855080
6.206104,2.003269
7.923555,7.729895
4.866542,6.404120
3.386588,6.077413
2.246161,4.768161
7.829753,7.299239
8.278494,6.537089
8.029425,6.188339
5.764955,4.818480
3.259348,5.238626
6.409924,2.603344
3.482786,5.545778
4.883716,5.170570
7.200074,4.126771
6.672641,2.669284
2.949591,4.629655
4.616821,2.889898
5.224325,2.429039
2.555436,4.425315
7.216830,2.188973
6.848402,2.694097
7.854315,7.275509
3.909672,5.742998
2.980053,4.948199
8.078269,7.042296
3.159243,4.784392
7.443206,2.038445
7.791209,2.961695
5.085043,2.418545
8.051974,6.702118
7.923504,7.196389
5.049265,2.625006
3.609873,4.714366
5.938217,2.670548
5.920306,2.612986
8.086232,7.091303
7.418940,4.081740
7.278205,6.039634
5.395793,2.742286
7.318707,4.557830
7.271375,4.794435
3.502193,4.701621
5.075291,2.229493
6.393512,4.143354
3.564554,4.996291
6.176048,2.993164
1.351125,4.114383
7.695357,7.522510
8.542860,6.362992
3.151011,4.497587
3.176908,5.047640
2.345691,5.443054
3.286506,5.097849
4.597515,2.707977
3.815323,5.841866
6.319870,3.081478
8.052985,6.848572
5.956935,3.564879
7.144050,4.275830
8.009727,6.632399
7.530319,6.183057
8.155420,6.723954
5.125806,2.202002
7.714722,4.667881
8.222078,6.418914
2.499537,4.338339
3.270826,5.075346
6.439946,2.875355
6.945612,2.566587
8.130353,6.467181
6.490270,4.759243
7.710198,2.102349
2.378144,4.293701
6.995616,4.046499
5.313545,4.837293
4.346086,5.808090
5.367557,2.408259
5.441927,2.133362
7.613913,4.488110
2.761958,4.941428
8.005718,6.875453
5.485792,4.980174
7.996268,7.053453
5.596954,3.425565
7.092752,4.699658
6.742588,2.513059
9.137404,2.693586
6.321179,4.204872
2.352964,4.610043
5.312276,2.195099
8.178206,2.465363
4.689212,2.447551
8.314415,6.060799
5.562450,4.908155
8.024008,6.791167
7.545514,7.585076
8.549052,6.550408
0.947728,3.734335
8.071838,6.801081
5.152471,3.729025
3.790381,5.525734
3.347065,4.732850
2.306696,4.494642
1.489710,4.051238
5.023728,5.719572
3.230282,4.854847
2.198501,4.173651
6.646851,4.873514
1.888596,3.984320
9.351605,3.100715
7.729547,7.706365
8.305697,6.765592
2.624813,4.836154
8.258568,6.725638
2.121467,4.394136
8.015765,7.447816
7.931252,7.052632
2.219054,4.738598
6.533920,4.850492
4.627854,2.950120
7.517149,2.500199
7.062904,4.681771
4.152118,5.795043
3.022822,4.703841
2.747590,1.829364
8.121553,6.795121
1.819598,4.024336
7.363562,4.761169
5.783098,4.249068
3.746649,4.626868
8.233808,6.668679
8.247583,6.189837
4.979661,2.053163
8.492081,6.231608
9.426043,1.357604
2.717747,5.120071
6.737306,2.503643
3.467462,5.446527
2.767963,4.440442
7.982175,7.220910
3.380417,4.947958
5.643913,5.588258
2.185676,5.364406
4.013149,2.497821
4.754612,2.588176
2.803648,5.062524
3.495793,5.043754
5.184094,4.211209
7.798118,7.432918
8.676389,5.917591
6.553408,2.596290
8.026922,6.412632
3.844324,5.055905
8.086451,6.850030
1.641134,3.933706
7.676603,7.261197
8.069595,7.243628
5.652524,3.157485
5.695192,2.100255
2.916522,4.731524
6.868776,2.343478
6.993225,4.762424
4.938535,2.676356
7.888997,7.155372
2.533173,4.744338
7.791284,7.388915
5.456084,2.286000
4.412386,2.562124
2.474870,4.825380
2.059499,4.737327
8.060662,6.777561
2.584087,9.206389
7.035127,3.766665
7.303197,2.661928
2.154335,4.359201
7.924031,6.536935
6.762017,5.027903
4.587209,6.077421
5.177074,2.883105
7.667300,7.089371
7.827470,7.230763
7.586141,4.229435
8.274647,6.421960
8.533163,6.199282
4.910647,6.163338
1.432101,3.658609
7.291048,7.933328
2.115005,4.196175
2.258053,4.088001
7.650382,7.668817
6.722318,4.371277
6.572548,2.575164
6.024763,4.865323
7.048882,2.064597
4.161570,6.044770
6.205960,4.837943
8.132087,6.675450
7.059548,5.490930
5.741018,2.192047
7.271515,2.929553
8.785530,3.501549
7.956035,7.524170
5.792323,2.038068
8.765950,6.747448
5.896725,3.928510
8.210438,7.087112
2.493400,4.683957
6.219073,5.108469
6.670277,2.141110
8.513741,6.173549
7.927003,7.380491
6.825698,4.811806
7.040262,5.596479
2.215690,4.498129
2.783662,5.348423
1.884582,4.075372
8.657998,6.244416
5.521023,4.588551
7.855943,7.205056
0.907554,3.554225
4.117577,5.953113
8.051127,6.987669
3.550938,8.885846
1.514050,3.932686
6.400016,4.279735
7.458909,2.287167
8.336281,6.674515
5.788996,4.450915
6.689997,4.144549
7.219524,3.194695
4.852380,6.266042
6.210571,4.804327
3.082527,4.215374
6.633186,2.390610
7.692913,5.538213
6.337596,3.594987
1.836428,4.235733
2.187257,4.151693
5.715963,3.222353
5.022535,2.897534
2.261100,4.026193
7.467011,4.325992
6.982360,3.645440
6.586321,5.191552
4.624277,6.377007
1.079243,0.275114
8.078666,6.462712
7.297434,7.961018
4.483384,6.416062
7.475409,2.636964
7.548426,7.992191
8.007726,6.890271
7.384766,4.856762
6.492315,7.807495
7.624867,2.814163
2.301231,4.302132
8.195812,6.706880
6.138898,4.602980
7.823371,7.013217
4.288386,5.699444
3.281995,4.705362
7.404591,8.169499
3.385715,5.642520
4.518012,2.588094
5.837924,2.713150
6.619844,4.440161
3.565227,4.814041
5.925461,2.405475
5.769399,2.622848
8.037316,7.011699
1.931837,4.514844
6.130944,4.602030
2.786175,4.470862
8.089099,6.764979
5.207324,4.806753
7.868236,7.442195
7.740318,7.113896
3.921498,5.622478
1.824637,3.644497
5.510108,2.310245
1.498777,3.923523
9.541811,5.076279
2.707110,4.667393
7.142539,8.215213
5.174595,2.459037
6.774854,2.265912
5.388711,6.756022
6.275705,4.120330
7.442981,4.902694
7.886292,6.895244
3.667657,6.055798
3.788582,5.233376
8.227076,6.560847
4.373003,4.822126
6.630956,4.794087
7.496376,3.985714
7.786253,7.955425
0.425711,6.449650
5.883649,2.388130
5.901155,2.805248
6.757405,3.873170
7.201475,2.485888
6.636596,4.112080
7.423340,7.643765
2.683796,4.513552
7.183991,3.746950
3.482851,5.651278
6.098755,2.237584
4.543348,5.508747
2.797900,8.063280
8.207400,6.318636
8.091083,7.468723
3.766350,5.434670
6.164679,4.551711
3.687761,7.283229
7.997319,6.964346
6.278757,4.794572
7.549858,2.336499
6.372680,4.899429
0.284954,9.946298
3.801929,6.385113
2.337342,4.380275
7.491508,5.196878
2.599625,4.924124
2.927245,4.690505
6.288801,2.504282
7.893424,7.418739
8.045310,6.535708
2.040824,8.492406
6.615073,4.306932
6.296063,2.158537
2.104332,3.863983
2.986386,4.602999
6.397203,4.635091
9.877609,7.395745
6.378039,2.620489
3.300018,5.318422
8.539437,5.915895
6.072372,4.597708
1.841205,4.617690
7.645838,7.657663
7.561316,7.152055
6.946784,4.742829
8.059040,6.736149
4.123658,5.291823
4.403854,5.707010
8.246013,6.604996
8.381111,7.137029
3.460865,5.504297
2.881362,4.975303
5.136185,2.122045
6.264120,2.868970
4.076788,2.477412
7.286960,7.717756
8.162661,6.335212
3.707913,5.312177
5.877901,5.105651
6.402905,2.813076
6.040506,3.705925
5.803997,2.906576
8.187901,6.650267
3.212665,6.267466
8.029188,7.160204
6.576761,3.725190
5.366266,2.450080
2.531247,5.053494
2.435192,4.885484
7.180335,4.883460
8.073893,6.631257
8.242106,6.187672
8.251165,7.186114
5.999390,4.036277
5.784375,4.723916
4.629569,5.724719
6.289314,3.763301
8.211784,6.467853
6.421480,4.163739
7.399584,7.476889
3.886622,5.973121
5.992797,2.670521
6.624728,4.723370
5.008449,5.900231
2.482171,4.450523
8.617397,5.450316
8.238033,3.733153
2.687528,4.633999
3.458895,5.222651
7.981233,7.405849
6.444931,2.727054
6.625216,2.889747
2.467312,4.576211
4.462295,2.850280
8.780919,6.015238
2.389783,4.862447
7.720666,2.617072
2.933323,5.685414
4.206605,5.683397
8.115607,6.721015
1.699728,3.915432
7.501087,7.788159
6.942786,4.818199
3.487359,4.945159
8.199306,6.665898
2.962690,5.034942
6.423771,5.057843
6.678187,2.185491
5.231311,4.737565
2.910497,5.237217
3.828731,5.313070
7.695877,7.029104
2.657861,5.195076
6.728988,2.655128
7.955210,6.031481
5.301606,2.825977
6.896421,4.084226
6.332391,2.182426
5.090590,2.333614
8.212282,6.744239
7.686570,7.688478
2.807491,4.544521
5.217572,2.434147
3.734190,4.812254
5.636523,2.436044
5.907661,5.146640
5.823255,4.621607
2.117305,4.497042
4.375912,5.730304
1.884104,3.938741
3.420338,4.877874
6.812133,4.844649
7.897700,6.851469
6.368103,4.513136
5.463675,2.697310
5.403970,2.128449
2.835704,5.055080
3.758311,2.723648
3.765981,5.178268
5.169026,6.367868
8.052228,7.111585
5.831808,2.734157
1.381032,3.745822
8.049244,7.079869
8.098089,7.401757
6.831270,4.109278
8.357102,6.370426
7.118015,4.013521
6.733795,3.328683
8.088071,6.800436
3.342951,5.185179
8.256129,6.582697
3.318538,5.310591
8.007305,6.622547
3.066027,4.950104
8.691065,4.572095
2.753659,5.098591
4.814447,6.097325
3.530751,5.439219
3.828527,5.690723
5.144272,2.702569
2.766930,3.843885
7.478361,2.458554
3.214037,9.565663
8.164500,1.846184
6.063043,5.024428
6.182056,2.512096
8.115860,6.807432
1.948185,4.421271
6.322670,3.036367
5.680437,4.107510
6.523291,3.571569
1.928333,3.895736
6.138941,2.280616
3.676023,6.066761
2.635365,4.499661
9.167505,5.957940
0.261270,9.961385
6.543648,2.063396
8.336334,6.663158
8.313751,6.551518
5.040074,3.381749
8.086253,6.445119
8.362465,6.187737
5.437266,6.505194
8.678906,6.575457
6.426212,3.186976
4.674291,6.714627
4.101636,6.367339
3.873226,5.319769
2.345094,5.020235
7.059461,4.683611
7.921680,7.150993
2.242263,4.639434
4.237354,5.568397
2.362284,3.822828
7.586158,3.380740
7.584534,7.826473
7.836512,6.928862
6.660125,3.083103
6.791770,1.168536
8.196873,6.198739
7.835066,7.495023
6.467027,4.765935
7.373012,8.065122
7.540252,2.733827
7.879799,7.230937
2.761475,4.585990
2.302433,4.651368
5.660351,9.889142
7.662308,7.408106
6.615177,5.353332
2.251789,4.344516
3.590730,2.453811
6.621278,2.958672
1.899165,4.312027
7.183456,5.087354
3.320348,5.381301
6.391021,5.667976
6.769908,3.128081
6.072756,4.269583
0.630522,3.660299
2.762535,4.946928
2.040794,3.986775
6.188617,2.642422
6.719182,2.528532
8.691188,1.639853
3.717629,3.139394
8.001688,8.702358
6.129351,5.369589
7.845297,7.365550
4.503294,2.286706
6.949635,3.941060
7.788636,6.744889
8.947204,6.063855
7.917768,6.888456
3.167087,6.493417
9.417346,2.654240
5.899205,2.377414
1.933603,3.795747
5.095786,5.057803
0.772473,3.662602
8.041965,7.054153
6.456269,4.088447
5.927436,2.842190
5.416147,2.268142
7.116288,5.154670
8.155130,6.697503
7.942068,6.970495
7.096638,3.939972
4.570299,2.191768
6.608806,2.993859
4.661695,2.189771
2.645611,4.230649
7.325698,2.661119
6.750709,5.482376
2.764783,4.832921
4.861462,2.782328
8.441675,6.522600
7.896691,7.073447
4.453874,5.758529
6.622960,4.039607
6.057891,4.526012
2.714549,4.398647
6.843299,3.181522
6.059847,2.702420
3.571570,2.861205
3.423974,5.209538
5.106353,5.693004
5.615286,2.652180
6.900456,3.105524
8.692020,5.915460
6.238388,2.658582
8.096608,6.814755
7.102554,2.310206
3.247712,4.503852
7.088381,4.475576
8.438132,6.358201
4.221712,2.985854
3.210919,5.002850
2.709200,5.275064
7.465789,7.891020
5.213086,2.639385
5.098251,2.253121
8.266153,7.336738
5.411503,2.887127
4.630706,2.317800
7.945686,7.097107
4.176835,6.242458
2.199241,4.679679
2.049020,3.883629
5.609061,4.206055
3.188327,4.995667
1.922116,4.813234
8.224537,6.296978
2.427060,4.531853
6.149746,3.983471
6.572054,2.029921
7.998335,4.883595
4.849448,6.352061
2.511065,5.137961
6.352658,3.681252
2.908735,5.263533
2.757980,4.239833
4.288034,4.260864
8.154793,6.364849
6.534030,3.142569
3.642085,5.012899
7.849940,7.531552
2.038588,3.673325
2.497396,4.692456
2.661804,5.086543
7.922579,6.917896
6.455540,4.838233
8.268218,6.535914
2.146013,3.900750
4.470608,6.435319
3.324192,5.133374
5.514934,5.359795
6.391437,2.203508
8.117431,6.616040
5.809102,4.271381
4.317041,5.914608
6.074389,2.778436
7.430336,3.127177
3.587703,6.098356
3.576709,5.435090
6.362882,5.229355
3.781017,5.375190
8.131702,6.900220
7.571892,4.561173
6.440814,3.447456
3.081981,5.221800
5.808056,2.510746
2.146998,4.182160
8.081282,5.987420
6.364832,4.494741
5.632440,2.223257
7.051892,3.746730
6.594451,1.981460
7.430638,4.782594
8.143792,6.505540
7.239744,2.879557
3.725255,5.711542
2.726254,4.835356
7.904105,6.921929
8.153074,6.855626
7.505695,7.773609
4.426007,2.645911
6.979329,4.499292
6.856864,5.462197
8.805387,3.822781
5.154864,2.371461
8.003016,7.004860
8.040470,2.932113
7.360733,2.929901
7.781754,7.639536
7.609395,7.985034
8.334426,6.748828
7.754463,7.699809
8.148900,6.843989
6.402644,6.341358
6.369919,2.548822
2.625922,4.958159
6.120435,4.522388
6.816942,4.371619
7.706260,7.655805
5.918137,5.456176
8.032530,7.233474
6.260824,3.699378
4.212858,6.360743
1.513468,3.913072
4.181031,6.900900
2.778209,5.611959
5.783028,3.964761
8.417509,5.963729
1.297254,4.100902
6.386215,2.732774
3.871583,5.337312
5.537371,4.929943
3.906658,2.641650
7.819869,7.036014
8.036761,6.903833
7.958324,5.077689
6.101848,2.284073
5.517576,2.656626
4.027557,6.097946
2.212743,4.357136
4.090355,6.075209
7.216930,4.228253
2.597171,4.763861
7.779539,7.161036
5.046354,2.498942
5.457962,6.752287
0.936425,3.723735
6.217887,2.023236
4.820725,2.755701
6.223487,2.889456
3.785116,5.780231
5.555717,4.035569
7.756737,2.210815
4.723522,2.943733
4.292209,2.570395
5.245448,2.511465
1.568347,3.271160
8.079339,6.922313
5.086051,5.592140
7.163937,3.975505
8.222717,7.094143
8.449649,6.479930
1.197230,0.268958
3.970457,5.530276
7.679876,7.198215
6.833893,4.971249
4.088684,2.228188
8.098404,2.099554
8.399188,6.824193
8.224616,6.967591
8.236195,6.541444
5.818736,2.345802
5.486681,2.652212
3.005411,4.785963
0.640136,4.258461
8.413939,6.512275
6.698388,5.041149
5.655756,3.911614
3.074280,5.290002
7.806182,5.000285
4.290464,5.613894
6.530181,2.465403
6.549627,5.479435
3.823724,5.595594
4.367753,2.402448
8.586617,5.789190
1.601824,6.804625
4.312995,2.505705
7.925192,7.460854
6.085596,2.863678
5.347593,5.081268
8.446065,6.847444
7.514623,7.275174
6.174926,4.866578
4.808366,1.998906
7.874333,7.055663
0.901504,3.652602
2.797661,4.091730
6.117305,4.293842
5.784703,3.240106
5.851219,2.489234
7.806487,7.631112
8.054062,6.871891
7.246047,7.970424
6.011748,2.296316
5.615202,5.934927
5.252523,2.088219
6.180219,5.295342
7.429163,4.842215
6.207219,2.618777
0.414130,0.121078
7.843005,7.161970
6.771006,5.624512
4.322417,5.093418
7.782761,7.176822
3.157994,5.132214
8.139944,6.268064
2.560821,4.465398
5.198444,2.386743
5.940217,5.603243
1.270645,3.738563
7.756205,7.300926
6.341036,2.622182
3.186744,5.266744
8.168316,6.895550
6.530213,2.565521
1.987315,4.001597
2.687556,5.286360
6.490264,2.652073
6.172138,4.616338
2.845551,4.942850
6.814234,4.353250
2.531407,4.468615
8.163523,6.793712
5.781292,6.062206
6.539027,2.740745
2.152748,4.802069
1.742614,4.020013
8.080228,7.526454
7.823410,7.326254
5.606679,2.519644
1.742842,4.305308
5.358931,2.414900
6.104566,2.186585
3.188195,5.409394
9.299206,7.945206
5.228795,3.577192
5.672777,4.259631
2.341069,4.645624
8.049554,6.855499
2.203172,4.102119
7.171115,4.817366
8.177414,7.195998
6.573928,2.690867
8.100768,9.692573
5.686300,2.040461
2.855494,7.129149
1.963365,4.061673
6.829880,2.615308
7.543082,7.152906
8.356322,5.581535
4.291853,5.795090
8.183145,7.071094
8.345631,6.092142
4.045872,2.309489
7.770656,7.468337
8.224293,7.530141
7.349434,7.848168
4.072487,5.968733
7.536143,7.787535
7.849398,3.006447
8.233746,6.553093
1.967467,4.887600
7.489494,8.126219
5.834058,4.004474
5.238329,2.110262
3.627261,5.415690
7.872861,2.383291
2.779291,4.562309
3.056938,4.447378
7.910749,7.060182
2.799450,5.171310
3.464619,5.964578
3.454874,5.383905
8.113079,6.486084
6.433518,2.930305
7.997575,2.636593
6.692345,4.474269
5.747958,3.677788
5.670085,1.996222
1.428227,4.002345
4.951939,4.068084
8.633194,2.492398
0.388531,5.555818
5.695492,4.359659
8.197155,5.976227
4.043999,5.335065
2.883587,4.620475
3.142454,5.235365
3.058786,5.574427
1.081706,4.646674
5.537003,4.621231
8.268258,2.073340
5.994281,9.194014
5.873614,0.961604
4.220638,5.148580
3.524735,5.568515
7.981742,7.084628
8.148823,7.415815
3.934859,6.054382
2.962258,5.049670
5.317391,3.723416
8.083368,7.389186
6.620455,3.894920
6.708909,4.352519
3.340220,5.421058
6.250087,2.160387
7.562372,7.644441
7.183428,2.303544
5.372134,2.196875
5.760709,4.445164
6.552265,1.291372
2.596277,7.590003
5.822353,2.488541
3.487343,5.659145
3.404079,4.592624
2.484314,4.781396
3.790466,5.559466
6.601712,4.016363
2.103940,5.680384
4.222603,6.329484
4.240630,5.691746
3.536858,5.484631
6.431756,3.610317
7.805127,7.571751
6.077939,2.537218
3.493072,5.837552
4.063464,5.674701
8.478498,6.102375
6.643850,4.557931
3.851701,5.790559
8.156643,4.851693
6.019656,2.858336
7.966810,8.468516
8.058426,7.016282
6.894734,3.055767
2.962728,4.585146
1.537351,8.842965
9.383619,3.599657
