1.142175,5.653880
0.961976,5.654621
0.043144,5.031154
7.976526,2.027480
6.313825,6.489383
3.473608,6.842410
3.986454,2.639236
3.373956,3.096837
4.507256,0.223869
6.491462,6.494486
3.901789,9.800222
6.705984,3.044966
6.229136,0.691275
2.200345,8.762417
3.105783,6.128983
9.358897,4.623356
2.713450,9.153387
6.444647,9.169262
8.075914,8.509658
3.870632,2.782535
0.497038,4.352759
0.712211,5.413202
0.839151,4.240837
9.157419,6.821856
6.492948,1.082202
4.143117,2.766555
9.469613,6.714726
6.578963,6.727742
4.400991,2.596967
3.960137,2.904798
5.775588,2.596817
4.653857,2.556808
10.045676,6.228502
2.858352,8.507740
4.131830,6.994221
7.080024,6.174909
3.098032,6.254515
3.745501,0.557037
3.210440,3.003808
8.808755,7.495452
8.520783,2.372773
4.751836,5.158650
6.546133,6.664601
3.132206,2.916403
9.476115,5.729767
4.603882,2.595155
5.164688,2.661501
8.966599,2.667743
2.411116,8.254057
3.517587,0.709297
0.594211,4.671063
8.437522,8.103925
6.408164,6.684391
1.049099,2.950362
1.359984,6.583447
1.231650,3.079290
3.174285,3.266067
3.439153,9.765910
9.698801,5.185726
9.384665,6.556865
1.468090,2.359530
5.557860,4.152043
7.003372,8.807197
9.429038,5.479051
7.134855,3.093140
4.887080,5.130851
6.544317,2.788316
9.213875,5.227227
1.470414,1.531676
4.968443,0.865091
7.881303,1.553299
6.154510,3.054849
9.414117,6.024484
3.871724,6.710269
1.001744,2.749478
4.997660,5.819593
4.070172,7.132230
2.621785,1.301748
2.127480,8.405014
5.915341,9.459012
7.332729,1.108944
0.622678,5.629182
1.503765,2.395975
0.559943,4.442978
9.238439,2.786684
7.962830,8.772506
1.263427,2.360362
8.917784,6.974769
3.066622,3.068003
6.839258,5.842045
4.894364,4.121818
5.389406,9.627680
9.188591,3.495794
4.930421,3.836043
0.654393,7.254403
7.041111,6.199556
3.420488,6.209485
9.000651,7.549888
2.208149,8.896100
9.407811,4.770253
8.442739,7.807807
5.765194,6.340365
1.732342,8.199429
8.729719,7.051128
7.159062,0.673186
8.421367,7.852305
6.030534,6.284940
7.612785,9.119706
8.831973,7.610196
8.008179,8.598475
9.434515,6.592522
5.857749,7.041150
6.739951,9.074577
2.869476,1.320005
0.820800,4.422257
3.616269,6.974593
8.993853,4.385619
2.077442,1.535672
1.492929,7.651472
5.081377,4.656000
3.896031,9.633630
5.001273,6.223399
5.748848,0.906094
4.868155,5.203146
6.159533,2.671915
6.171716,6.985884
0.757661,5.247867
3.559712,6.311022
2.929134,8.777650
3.667610,0.642494
0.303969,4.683295
5.734783,9.370866
6.474859,0.399085
0.409273,4.582553
4.767083,5.308723
4.835202,9.316639
5.274655,5.050436
4.873157,4.982871
2.911071,6.383629
5.550052,2.722342
8.503754,7.154358
9.196319,4.144473
1.437537,3.200319
6.131664,9.807267
2.414844,8.540083
3.853878,0.736652
4.258590,6.731026
3.492513,0.900891
8.510506,2.030384
1.466095,7.421124
7.072750,9.388034
4.140872,2.717295
3.779179,6.455283
3.733394,9.336569
1.287151,2.244991
1.746942,7.932065
7.379048,6.460007
5.845193,6.646401
5.913006,0.511460
6.562359,6.414288
8.624571,6.642966
0.853821,3.107117
3.084663,8.569600
6.115036,0.807275
9.511852,3.560389
5.172618,9.223068
6.110768,6.383373
0.799624,6.581224
9.171571,5.104895
9.861959,4.314520
0.554245,5.420368
6.571520,3.206827
5.988737,2.681757
0.821992,3.529173
3.729850,9.467700
3.665315,9.479838
4.565000,2.951265
8.360947,2.377433
9.438022,6.294076
0.554421,4.401695
6.742174,3.003126
5.995590,2.871751
5.450726,5.127392
9.243117,6.312008
0.450367,4.897860
3.688381,7.190457
6.468976,5.878349
6.228064,9.081755
0.568480,6.339807
3.800710,9.695772
9.678405,4.357526
8.903803,7.248413
1.230454,2.505979
5.241597,0.767063
8.051183,8.069042
4.983865,6.121391
6.753431,6.638764
7.363855,8.625629
9.378040,5.141560
0.426472,5.758301
3.956457,6.629908
8.637068,1.989945
4.933461,4.582768
2.909359,0.983304
9.511088,5.040504
6.008651,2.826544
6.477017,9.442416
3.905994,0.444488
7.232401,6.173353
8.989667,3.975322
3.727092,0.889874
9.130423,3.109827
4.839368,0.792475
4.112475,0.734844
2.604453,8.499941
6.614663,7.141096
7.782780,1.904197
0.766187,7.343226
2.981170,6.695140
4.485455,0.560021
7.925856,8.362729
2.909474,0.875622
6.328496,6.695975
9.608327,3.781080
4.442618,0.406897
4.187765,9.125714
5.930901,2.871121
5.128987,2.649675
4.113623,7.120309
3.244249,3.234507
0.701141,4.523311
5.063034,5.767103
4.666316,0.503441
5.263201,9.212424
9.295025,2.707824
6.368878,0.168542
0.782195,6.798875
8.366752,8.084210
3.580743,2.979104
1.846632,8.281945
6.174182,6.812842
4.601656,5.267944
6.624452,2.850490
3.048731,9.198992
0.451179,4.153158
7.448852,1.373487
6.644502,9.135951
6.170075,0.783745
4.030607,2.683961
1.577044,8.315556
9.800980,6.465634
0.628617,5.846340
4.253625,9.780462
1.664029,8.185177
3.676093,0.527002
3.257052,1.483412
2.707636,9.094064
0.359277,4.179090
3.390414,6.821764
0.930060,5.979329
5.962555,6.477229
9.045759,5.756947
4.015079,6.921134
2.868380,1.111523
4.891158,2.518167
0.748709,3.968954
9.499203,3.018729
1.569041,2.092386
8.028373,2.205702
3.578286,9.067627
5.434716,9.176925
6.224410,6.602045
3.679256,2.908841
5.384200,2.805459
4.286121,0.141878
4.329477,9.451855
5.544664,2.618752
2.944745,3.134431
4.955463,5.894590
8.186682,8.048111
3.390092,0.740832
3.970198,6.710201
2.750164,1.300139
1.908126,1.793601
6.376077,6.723421
3.576134,6.357096
7.155702,3.249438
3.189966,1.123167
4.527875,9.420685
0.391631,3.856033
5.083826,5.146145
6.086207,2.681132
4.112714,2.796089
3.557352,6.517141
0.664042,4.079449
4.964932,4.643732
0.387063,4.780322
6.694970,0.759317
0.729079,3.470556
3.659934,7.014373
2.820046,3.408561
4.463233,9.423231
6.960657,1.123211
4.697371,9.642505
4.510478,0.708568
5.265440,4.268384
6.809561,3.242328
4.709745,5.699507
9.372521,5.842488
5.490103,0.737462
8.715061,7.511074
6.701118,6.806005
1.456484,3.343649
7.405061,0.713696
6.194249,6.213850
9.174798,6.644773
3.301507,5.832216
6.435875,0.548212
5.048696,9.715989
3.950805,2.993766
6.077760,0.888036
0.444202,5.789025
5.012543,8.991426
3.483606,6.290476
9.314272,5.435310
8.779538,7.778271
5.751304,6.520720
2.752494,8.850100
3.921031,7.062135
8.731501,2.338753
5.108642,4.702605
9.236856,6.177841
7.158382,6.494047
2.537975,1.245942
0.822716,6.606881
8.870671,3.538924
7.507871,1.092418
0.462332,5.338783
2.436832,8.418899
2.951350,0.976172
2.622816,1.168632
9.595857,5.791713
1.553240,7.557566
8.602604,7.569320
4.007879,9.004357
5.140338,9.664361
9.310425,6.375341
6.860113,6.751610
3.031776,5.745685
7.158243,9.048439
4.893494,5.320628
4.282345,9.651301
3.787527,9.415152
6.926052,6.365852
6.857608,1.192110
9.636927,6.049904
3.526589,0.832578
6.274298,0.791978
7.015014,6.200066
7.155131,3.181209
6.179086,9.077701
6.861450,1.003684
9.742107,4.897799
3.151861,6.077340
6.810237,9.413670
0.357687,4.619855
4.693418,9.033203
3.665082,6.813745
3.365982,6.655717
3.122125,0.802187
6.519226,5.826299
8.581907,2.512767
3.015260,6.391552
3.506985,6.399146
5.999628,6.609516
8.694027,2.138813
0.735456,3.867914
7.017826,8.596173
7.031038,5.779422
6.263124,6.646079
8.505707,2.314766
9.140516,3.792673
-0.026589,4.923271
1.239197,2.177867
1.201674,2.437610
4.470279,4.877379
5.249459,9.370674
9.797984,4.279547
3.602565,6.442544
3.506314,6.206558
8.236337,1.992222
7.996543,1.931298
8.743904,7.867684
0.374885,5.228583
6.910684,6.169278
9.732041,5.161513
2.124409,1.438382
9.822024,6.055461
9.854900,5.288031
5.452634,2.858572
7.533034,8.946787
0.640376,5.066548
2.882615,6.567256
8.944932,2.405190
0.858040,5.354153
9.790726,4.810641
4.848079,5.014429
6.756249,9.371206
3.794538,6.803529
2.072694,1.580189
6.113636,2.985421
8.016798,2.114386
6.135175,6.162313
4.225391,9.300148
8.893165,3.028865
8.818971,2.782143
5.759590,3.009235
3.527457,6.614981
1.103611,7.258141
0.794078,6.455235
9.572224,6.651251
0.929470,7.810307
1.718406,8.247884
4.867257,4.581578
5.541031,0.574862
5.336177,2.802111
9.185936,2.785321
5.079476,5.557029
3.285789,6.291841
8.318332,2.293657
5.062445,9.486723
3.267135,6.365062
4.116797,0.427218
6.541009,9.201903
3.550180,2.816592
6.023785,7.219717
3.743151,6.179774
2.240025,8.940607
6.439842,9.576345
3.832610,2.779213
1.061842,5.955103
8.763622,3.269503
0.580748,5.099213
3.221419,6.615993
8.341891,7.755668
7.448964,1.214184
1.755763,8.245694
3.112474,6.474048
2.992059,0.966977
6.563254,6.487848
6.384148,6.254653
3.575521,6.086258
0.201758,5.445006
6.493174,9.437713
3.416233,6.351955
0.736216,3.306887
6.577583,9.500603
3.036610,9.326295
8.719408,7.465653
3.049678,0.466630
4.872754,9.106582
1.481083,2.561186
8.754873,7.299482
4.830417,2.799420
2.302233,1.388069
3.104368,3.266986
7.276618,1.248513
4.963496,4.420916
6.388711,6.636723
2.125981,0.989231
7.448751,1.640380
0.471868,5.403558
1.268000,2.178473
3.694136,6.548730
3.873320,2.702474
5.176442,5.049028
6.534761,6.833599
8.916866,2.649407
1.007498,7.798994
2.166229,1.134062
9.263232,2.802885
0.624763,3.124688
5.625651,5.398954
6.464976,0.620088
9.417205,4.857174
1.178260,7.741163
5.710265,9.576137
8.931974,6.946630
3.152582,8.503186
8.897952,6.584427
5.277650,2.825200
1.460414,2.621397
4.514190,9.472748
9.237164,6.015543
9.144916,5.683412
5.064520,4.532471
0.650775,5.183643
5.707084,9.349284
4.067506,9.287870
6.107932,6.635817
3.868714,0.965723
9.786933,6.056792
4.524406,9.306635
1.661364,8.108444
0.526788,5.020082
5.273426,5.209147
6.611984,8.477041
5.396830,0.478505
0.759088,5.964241
6.205506,2.987439
4.649155,0.691720
1.328468,7.307797
5.864994,2.666483
4.533779,2.962252
8.731855,7.331715
3.096227,9.116108
8.488927,2.386778
8.135249,2.328446
0.237410,4.833163
6.175152,6.468144
1.127366,7.309883
8.179498,1.588120
3.374182,6.806012
4.385792,9.517714
9.412699,6.099602
3.701721,0.525146
4.380782,7.001286
3.611446,9.114556
6.417459,1.047387
4.950529,9.407755
1.520586,2.724791
8.403918,7.597583
2.311431,1.519163
7.810024,8.300753
3.741848,6.465913
3.600837,9.195666
8.172134,7.772558
6.854697,6.537057
6.818948,6.394361
1.195726,2.580077
8.014352,1.868372
5.171826,9.842872
5.972876,9.654366
2.232092,8.317104
9.149347,4.231381
5.461937,0.316613
3.532533,2.935032
5.890686,7.220054
6.960274,3.115898
6.288367,2.994604
4.779113,2.747102
6.912493,6.891551
0.334092,5.704905
6.584502,6.373846
9.880239,4.859746
6.913531,9.146974
6.174857,6.295402
1.261432,2.751839
0.549989,4.344050
0.801169,3.487859
3.060782,8.583159
3.132548,2.984142
3.596660,9.233510
8.892765,7.621016
9.656209,3.830834
2.537685,0.833636
8.642876,2.342286
2.200462,8.480187
2.641376,8.910328
8.989517,4.171700
2.942269,8.510510
4.827273,2.831642
6.668398,3.070979
8.738976,7.144548
6.284474,9.325495
6.903581,9.224710
0.392714,4.664338
6.463030,0.826201
9.432382,5.423119
3.238888,6.091759
4.502065,2.780733
4.408492,0.466425
4.190930,2.718128
7.197471,8.851251
9.050964,4.693897
3.809828,9.395704
3.913468,0.869695
3.972660,0.688004
3.618604,9.192502
0.533635,4.658474
9.242396,6.130285
8.488181,2.016883
8.631481,1.883024
4.510533,2.548638
6.527357,2.778141
3.285103,8.742966
3.768282,6.669267
9.520046,5.276311
8.608951,7.448805
9.583515,5.520755
3.840857,6.364240
1.765113,2.073768
4.759911,4.834263
9.439627,4.792570
5.006339,0.293511
3.097496,6.378869
0.700287,3.310471
0.572941,6.630350
0.397072,4.813925
1.043032,4.307366
6.008995,2.831940
0.563944,6.254699
2.974665,8.995764
0.727225,3.996184
4.356665,9.930795
9.487912,5.632744
0.694192,5.938420
6.683647,6.134720
9.328061,5.085502
1.513479,7.567705
0.630247,5.468670
8.986978,7.632736
4.116330,6.886236
1.361583,7.802467
8.981032,2.884572
3.637788,6.507740
3.119608,6.287665
0.624963,3.846988
4.615262,4.104316
8.806342,2.951028
3.815466,6.494877
9.319821,3.799095
3.447582,3.123721
1.264466,7.366786
1.985642,7.677929
1.525639,7.656278
3.418377,6.634607
3.858329,2.708538
6.355186,2.843161
7.454511,1.279291
3.872581,6.733054
1.434086,1.966997
6.901954,9.431899
6.116738,9.168969
9.216006,3.052320
6.654147,3.264784
5.303972,0.271482
9.254166,3.279675
5.570685,0.400892
7.777158,1.714017
9.036000,3.615719
6.214445,9.437933
4.246161,2.658388
3.458625,0.944178
2.017687,1.278937
4.891617,9.554379
0.950223,6.028496
6.694701,6.580207
7.232737,1.451420
3.383945,3.133121
0.013293,4.437971
9.473718,6.295772
4.371214,9.752748
5.964490,9.378173
5.027175,4.657499
0.542420,5.616227
4.593632,0.596878
3.197744,8.702856
3.470705,6.011390
5.989338,2.672041
6.409374,3.025014
0.720318,5.513500
1.055969,6.817740
1.926090,1.857717
6.342684,6.248008
3.561793,3.103557
7.815379,8.467888
6.764475,3.144848
3.461220,6.578709
3.397336,6.776170
1.656126,2.277821
2.845888,0.824813
5.386856,2.538467
3.944546,2.935624
0.514373,5.810099
3.016198,3.041510
0.377585,7.120341
6.075725,9.196242
4.624863,9.410711
3.014670,8.781144
6.533548,6.421941
5.269351,4.678645
5.714909,9.206429
6.340598,6.039989
3.289104,0.922698
7.897496,1.946173
7.870137,1.953167
9.097293,2.980677
5.475032,0.093668
6.964960,1.483261
7.182882,0.759711
2.762739,0.936144
0.609861,5.825460
2.360534,1.479330
5.213311,0.203586
5.360938,0.518040
3.935055,6.944666
3.333825,6.298926
5.903352,6.508741
4.872184,4.971008
8.848086,2.614835
4.108970,9.658219
4.776618,2.911356
6.713328,6.031749
8.368353,1.587507
9.301832,6.931365
4.939989,9.050536
0.257950,3.894917
0.615948,6.481695
4.231003,9.313371
5.616149,0.498292
0.741837,3.983466
7.233238,8.786513
5.666394,2.799576
3.299202,0.572636
3.977758,6.551410
5.223638,9.182239
4.607298,2.941115
9.570667,3.755846
5.406183,2.583000
3.672632,6.615595
9.426603,3.666016
1.894545,2.066736
2.488714,1.273820
6.248526,6.512041
4.097564,0.282156
3.894144,6.756641
4.239242,0.595652
4.200802,0.111837
5.967947,6.661312
8.156571,7.779016
6.242800,2.935539
5.561404,6.722851
6.915126,0.983076
5.621811,0.632195
4.404484,9.629069
6.371476,3.085475
2.078702,7.710103
5.605506,2.601975
8.302539,2.155047
2.853862,9.178126
2.129092,8.648715
6.586495,9.118770
6.740169,0.842479
4.551640,9.764612
3.525709,6.878128
4.161841,8.956618
3.032446,6.473409
4.693750,9.831698
9.501014,5.675860
1.299772,2.792951
4.133599,5.279171
2.030006,8.036055
5.697516,10.096189
1.653655,7.794858
4.051776,9.516179
5.933539,9.131610
3.551446,6.737975
9.709869,5.526546
5.967814,0.643987
6.636344,6.494680
2.392172,1.374477
9.005007,3.330002
6.963196,6.490077
4.884040,4.069642
6.719373,6.186538
7.154303,8.921498
6.459072,2.907534
0.658419,6.652206
5.234674,2.522307
7.157560,1.186947
4.280692,2.932123
7.203636,8.943903
7.113565,8.814812
8.662725,2.720613
7.061965,3.251297
3.105950,6.337527
0.789210,2.619881
0.457932,7.408322
3.371943,5.944327
8.853236,2.592444
1.368936,7.078323
3.720068,6.491920
3.321712,3.107656
3.927590,0.704640
3.635575,0.932853
1.298226,2.454087
8.379858,7.696411
5.130978,4.857653
6.287698,2.722421
1.132154,2.749113
5.523443,0.298772
2.848963,0.956337
7.432463,8.850655
4.319390,0.188209
8.098897,8.626858
9.280041,5.130698
6.566178,9.109969
5.824603,6.644289
8.997247,2.591395
7.845582,7.663730
5.925679,2.737827
9.557726,4.223280
2.887420,1.289792
3.053995,6.048160
7.257101,1.093287
0.914865,3.602964
5.123272,4.543075
3.611438,2.855826
4.499499,-0.318704
5.701843,0.633467
4.963412,4.966849
4.354338,2.868231
2.984819,5.797526
3.193974,5.974793
0.524494,6.503655
2.534619,8.773937
2.106003,1.225255
4.659145,0.719395
4.054900,1.095438
1.113218,7.034123
0.325018,6.250034
7.028314,1.162143
4.756953,9.326620
3.942286,3.028576
1.902331,8.294294
7.940705,8.144294
7.356337,0.971779
7.446947,8.797635
3.149738,0.922979
0.657701,6.861194
0.908578,7.085378
4.997868,0.251394
7.776975,1.641495
9.020533,7.492053
9.422200,4.139702
1.101605,7.969391
5.037984,2.935375
7.222021,0.758821
4.764724,2.591546
8.677690,2.397006
9.413133,3.141190
1.042916,7.597716
5.912723,0.341797
7.250992,6.779205
2.418365,8.786389
8.144770,7.574208
4.904648,2.806142
3.487298,6.399060
4.937128,5.263717
4.762550,2.644984
3.453313,0.699188
0.294359,5.131008
9.293183,5.684123
6.548816,8.834995
3.604297,6.653515
3.437413,6.210815
4.653827,2.687955
0.736193,5.449563
9.363334,7.006242
8.839237,2.870649
9.358567,4.103239
7.325914,5.836448
6.817737,0.926813
5.652106,2.929964
9.230120,5.075969
1.504390,8.027714
9.467092,5.297237
4.817710,0.982392
2.874007,1.281780
6.933266,9.073788
9.046482,2.369514
3.272957,6.556288
5.113096,5.464739
9.806112,4.602097
0.681805,6.088414
0.553935,3.594564
3.580932,9.230031
0.938501,3.327810
4.407183,9.137517
3.562903,0.766708
4.601418,0.504882
1.884915,2.212505
4.893315,9.168285
6.388186,6.602713
0.714377,6.543398
3.703252,6.293726
5.731270,2.592181
0.653664,2.843368
0.906892,6.269651
3.279913,6.745905
6.350737,9.187826
7.252560,8.482199
7.558117,1.284055
0.631140,6.193435
2.959695,6.300061
4.812500,9.690346
2.172317,8.633893
6.321777,6.553661
0.717699,5.273357
4.917924,9.458702
1.557631,2.145867
9.190370,3.392403
4.874939,0.434313
1.083730,3.676403
9.071166,7.483138
9.109979,2.662234
6.293892,6.447030
5.755319,9.593877
8.166723,8.746924
1.454924,1.699350
9.778180,3.836627
8.633983,7.353061
8.967557,7.733957
9.368700,6.748412
0.619267,4.744047
8.790469,2.031307
2.985586,6.845047
3.041418,9.042470
1.231431,7.935197
8.069428,2.238436
9.519382,4.171228
5.144639,9.294222
9.544726,3.621512
8.328805,2.101033
3.922843,6.666249
1.658208,1.471566
5.335342,9.464588
9.642403,4.908288
6.504238,7.272189
3.252549,6.361206
3.323504,6.202592
9.187085,7.063576
8.860055,3.487230
0.737376,5.904982
4.406278,0.573437
2.397246,0.984353
6.205605,9.468607
0.424054,3.776447
2.693908,8.761873
1.007306,3.447641
3.561638,6.723950
5.834213,9.027077
6.256021,2.943358
6.811996,6.546936
1.302093,6.376928
5.359698,0.211149
1.386002,6.858418
5.301514,9.216931
5.311901,5.208875
5.510086,0.632786
3.422769,2.904867
6.049003,9.566274
5.664535,9.439163
9.016062,3.179576
0.882091,5.912972
1.659087,2.711097
6.622801,6.992123
9.134914,6.294839
0.558796,2.953121
6.738157,1.215243
3.383735,6.039559
9.292894,6.709136
1.304629,8.108960
1.260473,7.631671
7.985128,7.637609
7.030396,9.181122
6.051411,2.720377
3.588755,6.518183
1.703919,2.394554
4.821378,4.505750
8.988490,3.679867
7.480779,0.828090
1.191426,7.659862
6.855394,0.697925
1.675794,7.921306
5.999832,2.634344
7.265176,1.371014
5.099655,2.598192
0.571239,4.159042
6.817509,6.469520
6.587226,6.585024
7.285653,5.966588
2.395599,9.082135
6.305508,6.447885
9.144725,5.637590
6.634563,2.856962
6.840262,6.390942
7.700191,1.364440
1.110351,6.642433
1.964540,7.993508
3.335420,6.575751
1.029599,7.565841
5.488428,9.386749
1.861727,8.535731
0.946304,3.742574
5.976648,9.395776
6.611078,8.908082
4.698702,6.145603
8.151529,8.394066
0.838462,3.424859
6.500444,0.743962
3.844882,0.733761
0.783903,7.196833
0.617955,3.186626
3.388667,8.979499
6.516502,0.545945
1.666152,1.940422
5.173451,5.449979
4.233850,0.832649
3.839759,9.475771
4.882191,4.268915
7.506482,1.155613
1.868739,8.553454
3.876293,0.207245
3.468474,2.981445
0.630008,4.941142
7.752189,1.755396
4.007981,0.734458
8.923997,7.491134
2.739993,9.002487
7.961340,8.729077
1.158607,6.662851
6.877681,3.200867
9.038234,7.201942
3.548052,6.625174
2.982887,3.368397
7.145194,8.938368
8.942779,2.785364
6.235535,9.421307
0.784012,3.228682
6.771119,9.046579
3.565558,2.821250
6.803248,6.621760
8.892550,3.269158
5.309499,4.938269
9.278159,4.723050
3.341625,6.359968
5.222797,0.688282
3.372781,6.495937
5.251351,5.058598
5.052086,6.181132
8.117047,8.215128
5.838045,0.174047
7.137993,3.186529
3.143264,1.219772
6.301118,0.812093
0.718715,5.868847
2.938443,8.943509
5.775915,9.516269
3.413052,6.246354
6.527054,6.609197
8.497973,2.083831
5.738652,0.791254
7.536769,9.080392
6.771137,6.525663
4.059393,0.520099
3.825822,6.872706
3.341942,3.103139
2.277713,8.044964
5.800029,0.581477
6.352685,6.974524
3.315678,0.591895
3.866653,6.805573
3.030329,5.976208
6.055985,6.425869
0.924705,6.509122
3.339540,1.101886
0.770970,5.239470
3.203359,8.940051
8.816377,7.890708
3.323553,6.819121
6.586733,2.965296
9.525603,4.641681
7.068950,3.067566
3.213226,6.591453
9.407381,6.031265
3.522175,9.203912
1.352398,2.761705
8.521006,3.005603
2.633324,6.464110
6.325023,2.716802
4.265137,0.555466
9.021817,7.202368
2.702539,8.855741
7.252857,1.116749
4.091753,6.536251
9.232669,5.862938
0.679728,3.828170
7.010232,8.836937
8.927261,3.337529
9.355341,6.652967
1.785096,7.971760
7.579047,0.965599
9.530989,5.613942
6.774975,6.223762
1.869932,8.764844
6.662461,6.583584
2.398526,1.619392
2.353201,8.837384
6.612331,5.987818
7.590211,1.193695
1.480995,2.092975
5.958930,6.803265
9.358798,7.583970
9.607198,4.610234
6.381748,1.560906
7.898756,1.295401
6.726556,9.458501
9.035821,3.055813
8.921180,6.472103
6.036720,6.547679
5.186332,5.282751
7.853153,7.890542
6.433777,9.418110
1.728278,1.738544
7.847285,1.667622
9.525015,5.325585
4.059724,9.687207
3.588637,6.577654
8.619011,2.379560
2.948796,3.132317
3.164547,2.966106
1.882501,1.291102
7.713920,8.780172
0.726364,3.987880
6.794299,0.818955
9.107464,5.783770
4.899160,9.583422
6.786378,8.746878
1.665395,7.909286
5.298231,2.521444
5.155924,0.605304
6.827231,6.113113
0.507264,4.460937
1.397269,2.753459
0.642471,6.090010
4.195490,2.706008
6.380765,2.783314
5.136372,5.895414
4.241133,0.913539
7.642075,6.234465
6.743175,0.876937
3.147407,6.306269
4.775358,0.727027
9.602573,6.094387
5.434684,4.897067
0.458089,6.444710
5.141569,5.225627
6.663571,6.436265
2.678314,8.944566
0.743217,3.671194
9.023873,4.373602
2.599030,9.013050
0.821827,3.323486
8.468306,8.365524
6.698069,0.859816
5.482508,0.443358
5.139481,2.722539
3.911565,9.293870
7.187186,3.464778
8.865909,2.427224
2.098609,1.393196
7.761485,1.431388
3.903006,0.538049
4.133225,6.161053
6.396721,6.271202
8.511130,7.354907
2.963443,6.806605
1.510058,7.560571
7.351606,8.938564
6.091966,0.675906
0.535737,4.553604
7.140113,9.102746
5.490585,0.520755
6.442029,6.975581
9.617280,6.602207
0.285032,4.060759
9.301119,6.423609
3.921466,6.430732
3.838481,9.447805
3.698751,9.546037
8.990879,7.385273
7.114333,6.457711
0.240759,4.824723
0.784709,6.735509
0.856442,4.929307
9.158854,5.119522
5.554864,9.406834
6.218825,9.131592
9.351123,4.047611
2.219026,1.359153
4.038260,6.673934
7.300771,0.829649
9.231631,3.683214
4.360798,9.296276
6.563512,8.973769
1.550310,8.020620
7.243829,3.350759
1.147705,2.785857
6.839667,3.281434
6.201144,6.688481
6.187340,7.098247
3.218517,0.959407
6.137493,9.504379
6.705274,6.907952
8.575837,1.908412
4.440620,0.458636
7.078777,1.371922
7.926684,8.375902
4.530352,2.719947
4.239774,6.485896
5.851597,3.030449
1.877260,8.455239
0.892061,7.321983
9.527168,4.203368
4.665547,4.986217
4.440103,4.944848
2.640793,1.212804
5.693132,2.914611
6.094302,6.562563
3.912425,2.656779
3.472982,6.173486
8.943432,7.280677
5.639284,9.323494
2.040617,1.795600
1.571361,7.312994
6.661230,6.762911
1.424335,7.338148
1.729585,8.367267
9.045333,2.147685
4.462293,5.338828
8.973155,2.335214
0.436570,3.996846
3.538950,6.384015
5.970341,6.904934
9.263199,3.512077
6.666033,6.967423
3.415079,6.516948
0.487001,5.756594
3.522083,6.185623
3.977334,0.566614
0.619853,3.658537
4.936272,0.698601
5.890673,6.909932
2.099121,9.337782
1.847568,8.142541
5.356402,9.328465
4.248993,6.513600
8.207570,8.214778
1.952318,2.500691
7.358605,1.587006
3.728515,0.946045
7.941201,1.644051
3.627863,6.771744
8.869905,7.065298
5.030986,0.398598
6.132476,6.420900
8.315637,2.080944
8.650101,8.121592
7.505307,1.332638
8.770808,7.638527
3.923995,9.626667
3.533111,6.445314
1.024766,2.451228
5.145616,5.198506
2.436775,1.137172
9.454930,5.096012
0.903661,6.764485
3.970734,9.354754
1.162038,3.748778
2.146628,8.763574
1.868925,1.764595
6.547633,2.997141
3.104502,0.637291
6.213482,0.534101
3.028555,8.872186
8.490935,7.805602
2.972717,9.127454
4.254427,9.225888
3.781877,3.090367
5.693190,9.574460
6.292883,3.127175
6.951404,6.537100
4.871810,4.667221
8.294351,1.490231
6.344435,9.019526
6.182292,8.955354
0.396099,6.455329
3.800005,0.660814
0.417679,3.809943
6.994226,3.049530
7.263184,8.444122
8.139364,1.773467
8.137386,1.534815
2.326152,0.758797
0.538132,6.184469
5.548689,9.697721
6.311762,2.893063
9.448367,4.470311
5.894512,2.704991
6.386231,6.999130
0.543683,5.453685
5.350867,0.438411
2.085648,1.798527
5.059458,9.905114
9.118223,6.168797
5.857809,9.737637
0.943121,3.447793
6.239084,2.709503
3.228845,8.847495
1.617814,2.276795
8.815307,7.298974
6.809695,6.286773
8.211253,2.131638
6.558404,6.779082
3.051966,6.427380
8.828423,7.186724
9.831904,4.930582
8.550823,7.679543
2.810923,5.879830
4.982007,9.453427
7.698400,8.181191
7.634850,1.620185
6.584258,6.150947
0.616926,5.517923
1.165511,6.842958
3.544989,6.388480
0.825446,6.237612
0.493453,5.369028
5.744722,0.570011
3.953755,0.872571
4.718074,9.716191
9.260427,7.128325
0.622606,3.590289
9.536950,4.894069
6.808395,1.024722
3.011410,6.542652
7.856564,1.704980
8.655847,7.302520
4.350132,2.782991
7.024561,1.014641
9.471658,3.097601
4.783217,4.202282
9.520226,5.963915
2.803839,8.840940
6.999227,6.559206
7.356153,1.021427
3.484865,6.250985
3.395717,6.251688
3.088521,6.504885
0.623144,4.752159
3.916276,6.768076
9.328514,5.476043
4.067543,6.519570
3.368487,0.798136
8.607291,7.514472
4.087230,2.905260
6.126829,0.503853
6.468738,0.528915
3.417006,6.400425
3.126047,6.481970
9.552502,3.707950
0.874174,3.809006
2.240729,8.481034
3.919776,2.694953
9.088056,6.543133
7.601875,9.070112
7.531101,8.897426
9.447508,5.757937
9.610141,4.409023
0.716366,7.106381
9.609455,5.124189
3.626115,2.760303
3.523215,6.445779
8.389355,7.909154
1.756880,1.563409
1.544730,1.985439
7.971987,1.392473
6.124189,6.609813
3.666036,3.091522
4.729678,4.836365
6.685090,6.485391
5.159256,4.973006
2.252380,8.878334
0.718610,3.423295
3.170610,0.573630
3.435746,6.302577
2.934433,0.906652
6.439660,6.214986
6.426248,3.063180
1.952146,8.384577
0.713596,4.376029
6.911169,3.248963
6.724762,8.883571
4.665673,5.084820
5.850284,6.750646
7.481360,1.769483
2.375037,8.134337
0.596264,6.093170
0.705826,4.015536
4.250963,0.086782
3.502533,9.685913
0.763954,5.812248
5.128370,5.755739
4.998373,2.530807
7.113162,6.251690
9.648641,5.460617
1.183539,2.395351
1.261909,2.779458
6.802024,6.654959
7.047366,3.164182
1.998323,1.593602
7.111379,3.092444
4.029613,9.423841
2.412671,8.914392
6.147320,2.830836
6.495469,0.474962
6.605629,3.218572
9.634587,4.089743
6.254618,2.694489
6.486003,2.777529
3.543037,6.688584
6.246931,0.828396
6.371482,6.582424
3.995044,2.631549
7.340368,0.628856
2.879419,0.702117
4.074146,9.793610
7.693748,1.413640
0.855322,6.326557
7.973125,8.622142
0.856734,4.104796
9.124301,7.336120
3.870909,9.292089
6.202706,6.327169
6.401111,5.819385
5.650880,2.567235
8.908452,2.606466
3.648433,6.467987
7.479083,8.643003
8.403763,8.374853
3.932703,0.821041
6.627704,9.158821
4.818420,4.892471
3.138110,3.146375
9.656726,5.058538
9.779846,5.068670
1.319625,3.295755
6.614327,2.830581
2.155169,8.484940
3.601495,6.499198
0.940533,6.835707
7.700593,1.238391
1.570458,1.713689
0.772947,3.520434
9.135477,2.538372
1.641096,1.792927
4.664100,0.242115
7.764839,8.559721
8.877556,6.980759
0.883565,5.982700
8.734491,6.899230
8.779559,7.584442
9.072288,3.258865
5.799950,2.777699
7.413052,8.629437
3.761934,6.462144
4.747238,0.351391
9.215843,5.098433
2.583516,1.509957
0.805030,5.827826
0.153760,3.769231
1.092024,7.302512
3.458511,8.907495
6.790146,0.744549
1.893432,7.976826
2.792335,9.061736
4.126795,2.774885
6.581808,6.107749
8.840156,2.323208
5.657482,9.740317
7.556381,8.137332
6.573142,9.265809
5.094892,0.503321
0.472705,4.089689
8.579172,2.608764
0.345240,5.355932
7.745158,8.838213
9.548885,5.918902
8.091219,8.476426
7.329565,8.531307
9.439695,6.407808
8.236142,1.814311
6.448957,1.070935
6.944216,9.398984
1.469371,7.905977
4.070125,2.798359
5.042965,5.718279
3.275609,0.582459
6.913436,1.331810
0.897996,6.697488
9.458830,3.452775
1.203517,6.799580
9.114399,4.412380
8.856788,6.648997
3.835811,6.853215
3.183175,3.066892
0.784818,3.157341
5.197864,4.646371
3.513844,8.889476
4.956991,4.745249
7.876902,8.120706
3.705247,0.654193
3.871612,9.519572
3.688374,2.795866
0.884137,4.226111
8.978819,6.855475
4.534549,0.323970
1.283904,3.029630
2.600506,8.746110
7.605696,8.903967
3.849744,2.868107
7.650994,8.777783
0.267048,3.861134
5.890527,9.588575
3.601974,9.457412
3.701553,6.302453
9.356333,4.021849
7.210314,8.583931
5.168855,2.721271
1.409099,7.624739
9.378667,4.921363
7.142598,3.329363
6.530059,2.952990
4.152129,2.852861
6.419853,6.815340
3.547666,9.061336
5.115850,5.152931
1.205625,2.970632
9.181406,6.476243
0.657872,4.167411
4.899604,2.694183
6.435005,6.554125
7.034100,3.324374
0.660427,4.054221
0.818590,3.735810
3.423224,6.644705
5.447964,4.811865
7.580882,1.336139
4.718107,4.842026
4.954846,5.303595
6.245390,0.750253
6.028567,0.630684
0.438558,3.384978
1.821878,2.030332
0.652355,2.900786
6.114464,6.871853
1.416490,8.025856
9.046275,6.577375
6.295115,0.750757
5.014631,0.344089
3.268333,2.980563
6.659055,1.016202
5.063968,4.903950
4.880865,4.771454
4.862290,4.730580
5.864253,0.671611
3.206574,6.685294
1.625948,8.030157
8.531536,2.471786
9.215811,6.669683
6.353500,6.428079
9.085828,6.426018
6.948342,6.461296
0.432082,4.716646
3.773955,6.513366
0.296859,5.840664
9.550077,4.491319
3.154274,9.106149
3.149771,3.179744
6.451784,6.755937
1.218588,3.466898
5.461818,9.860836
4.203940,0.755732
3.106137,6.859798
0.783702,2.586705
6.946968,3.355427
6.762015,9.167625
4.595128,2.734936
1.435886,6.512520
3.347146,2.957022
1.513756,7.755764
8.487574,1.896063
0.353901,5.288204
2.013411,8.401571
5.489187,9.870127
6.415877,6.855449
5.104373,0.442089
5.306675,0.599830
4.699440,9.486629
9.161901,3.875137
4.407183,2.717295
9.609928,3.973600
3.701364,9.114630
8.433841,1.921714
5.985937,7.216182
2.791837,3.164626
0.463832,4.381208
9.472445,3.936555
4.820879,5.471766
8.432716,7.043312
0.657291,3.184609
0.285046,4.025500
9.553384,4.399669
8.571612,7.859901
6.541862,6.799351
3.378451,6.550964
6.842908,5.997695
0.504332,4.623735
1.087582,2.421541
2.158187,8.720497
7.377562,5.785017
0.979120,7.197165
8.761837,2.851308
4.267509,9.430186
4.955523,0.282320
3.140885,6.319021
3.963625,9.281653
6.266129,6.346993
5.847522,2.788587
9.620586,5.357492
1.278849,2.734928
7.823231,8.758750
3.816255,9.467229
3.346643,3.012559
8.994232,7.271929
9.274513,4.176396
9.441443,7.051826
6.323641,6.461302
8.797279,2.550868
6.005784,1.324575
4.126386,9.087769
0.630756,6.653757
9.848556,4.020563
2.651757,8.877357
1.812726,8.764380
4.359847,8.915392
5.021734,0.598771
3.185331,9.324605
1.399047,2.195353
9.150548,3.207746
9.432897,3.903816
4.609908,9.686187
5.938972,3.611562
6.913433,6.393553
1.238616,7.833141
2.002037,2.825141
8.165480,1.578609
4.889781,-0.009753
6.089557,9.156972
3.557874,6.498288
3.786916,9.325979
5.569884,4.374716
4.998033,9.382460
1.174128,6.924134
9.363389,6.487819
4.986011,4.858793
6.578317,6.250534
3.073836,1.060559
0.709834,3.179362
2.346041,8.593494
6.343253,5.685988
6.307610,6.964282
3.657011,9.449253
2.912090,3.417548
4.190418,6.823607
3.844071,7.082800
8.871440,3.117841
9.045391,6.054491
8.410556,1.654654
6.949715,9.166247
3.365681,6.733482
1.608519,7.905695
3.963475,9.420914
0.551133,6.353776
4.304924,0.650644
1.562123,8.341995
9.100652,6.292200
3.850346,6.632716
9.388146,6.913580
2.470662,1.588082
5.456895,0.532056
6.687657,5.866023
2.900864,6.681625
7.022439,1.105806
6.662498,6.979568
6.410477,6.968179
6.508602,6.458020
7.602620,8.504190
6.335654,6.686072
6.726630,6.219587
8.868368,6.761857
1.451105,2.985595
0.554950,5.091806
4.608706,0.495135
2.752825,0.986641
5.488538,0.136338
2.371888,1.401094
4.687765,2.520364
8.735130,2.919611
9.615546,4.179269
3.913640,2.883131
1.199263,2.294520
2.072443,1.953073
2.803036,9.076877
3.345598,8.864630
0.634279,6.175745
4.198678,2.798650
3.144328,6.476098
1.941583,8.276047
5.978069,6.526508
4.637739,5.139569
9.407408,5.564989
5.906853,6.408056
7.388322,8.550605
9.043629,6.806724
2.416991,8.523840
0.476485,5.934932
6.321104,9.046154
6.066653,7.203750
7.609403,8.273810
7.455701,1.527111
7.018245,3.038101
4.493420,9.440976
2.531877,1.116104
6.825369,5.877964
7.504919,8.933992
7.031739,6.492256
3.855239,6.505120
9.535749,5.252753
7.716494,8.643822
3.160403,6.148387
6.500047,0.909788
9.410008,6.512560
6.623879,3.001557
4.830895,3.971590
2.719531,1.279925
9.212208,6.146580
5.129239,0.431641
2.686179,8.598115
5.097587,9.261590
5.763880,9.307047
7.624792,1.357796
5.633626,0.660938
9.274651,4.498780
8.651511,7.734999
1.524358,8.065467
6.333482,6.874115
8.568991,2.002834
8.983104,6.302497
8.300853,1.987042
5.353973,4.202095
6.529780,6.685821
3.472467,9.421300
8.808312,2.695909
7.034141,8.610043
2.691852,1.353395
3.844085,6.269892
1.101142,7.509693
7.054054,9.007705
3.733423,6.575141
3.306580,6.651912
3.093763,6.544377
5.730328,6.505228
6.157410,2.854846
2.603266,1.359768
6.381099,6.894922
1.689241,2.173758
4.423646,2.651947
6.475300,6.424586
4.596598,8.910149
5.719260,2.579978
6.366747,6.195920
5.745356,0.614428
0.899445,3.414176
3.281455,6.075546
5.369629,9.589876
0.958303,2.800876
0.581037,3.886187
0.397331,5.686899
5.173164,0.354822
9.239659,7.272419
3.023575,3.175125
6.701643,6.429178
5.517146,0.640300
6.614777,6.170300
8.858604,3.158229
3.322537,6.464573
7.380201,9.136913
6.537275,6.324697
6.179619,0.432595
2.687071,0.903788
5.977310,6.215734
4.341488,2.597829
9.049588,4.347236
1.826385,8.411704
4.582625,4.473746
1.874132,1.950375
1.602027,7.953843
8.670467,2.824084
6.633844,6.711413
1.250219,2.101012
5.731081,0.602878
5.436225,2.731134
6.784644,9.263779
3.133694,3.053023
8.758445,8.042877
9.277463,4.946230
7.241603,9.186677
2.479775,1.401701
7.194729,3.152065
3.078824,6.426705
6.808274,0.967491
1.338975,2.127381
4.675059,2.834874
8.953573,2.816509
3.945341,6.787774
9.313810,3.264562
3.808943,9.218275
3.387967,6.239414
3.980985,6.557289
0.934795,4.310970
8.237858,2.290812
0.667970,6.577709
4.490053,6.395165
6.840695,3.045271
6.741652,6.774087
0.123976,4.873010
9.449842,5.619229
5.718132,9.519660
3.869924,6.885693
3.152312,3.316531
8.600349,2.159289
1.636544,2.076163
3.499631,6.676567
6.515184,0.845451
6.516584,0.954817
9.095173,6.487283
9.438166,4.696682
6.738880,6.678483
1.175733,2.634349
2.959177,6.235172
6.910763,6.227964
8.785311,8.381123
6.227806,6.457656
3.602887,3.130948
1.658407,1.704590
9.270202,4.685041
0.738987,3.534265
9.260558,4.352421
3.388574,0.690078
2.560883,8.549904
3.843599,6.729778
1.141818,2.855610
0.853149,5.764306
1.826853,1.685576
4.736074,4.204293
9.285482,5.518099
6.731062,6.078369
6.925731,1.016221
2.297272,8.286697
8.562210,2.291730
1.386721,7.572041
3.225107,6.939520
6.061933,6.779762
8.093890,8.296200
6.322655,6.633124
1.546280,7.357086
1.376092,1.745454
9.148154,5.305957
4.347340,9.497641
6.737691,0.583544
3.025989,3.003506
9.317008,5.031009
3.816417,0.836795
0.842701,7.707837
7.278574,8.679807
4.179309,2.895568
1.604770,2.326072
3.007874,1.457088
0.539106,6.561416
4.171707,9.900194
5.318532,0.308251
8.897317,6.691216
3.407665,0.717713
8.509568,1.679063
9.129407,3.355953
6.226684,2.722549
1.898599,8.047571
9.274571,3.686672
6.024841,6.176377
1.356232,7.765117
0.620405,5.549437
1.194932,7.718871
4.350017,9.114593
0.729236,7.157500
7.419485,8.344638
8.922617,6.744211
9.392559,7.155048
1.195619,2.473098
6.399767,6.519449
9.058278,2.990840
4.809589,0.441941
2.587887,1.569188
7.962575,8.111209
5.716564,0.153858
3.378235,6.730338
5.195831,4.365463
8.830946,2.236576
9.602601,3.914335
4.828742,4.626030
5.952978,6.412273
6.812003,9.040824
6.933440,3.140238
4.223411,2.836900
4.984513,5.064396
9.435353,3.576018
0.851198,3.794298
2.188947,9.059906
4.338474,6.556907
9.609893,6.389220
0.601588,4.303158
3.308236,6.749306
0.773190,3.125071
6.300070,0.678915
1.361648,2.419942
9.526739,4.983743
8.356770,2.642196
6.743564,9.208001
2.737989,1.125052
0.668683,3.378358
5.921915,0.705094
4.831143,5.190230
3.788861,6.688003
9.582382,4.678558
9.825070,4.195541
8.025860,8.317978
9.623254,3.723680
4.938519,4.635288
4.940626,5.262868
5.597900,6.864189
9.247008,6.263242
6.590666,6.879408
5.970956,0.908369
7.009749,3.169677
4.582822,9.349499
3.722124,9.753445
5.714346,2.807208
8.342418,2.430302
8.950671,6.868325
2.936990,0.893401
2.277757,5.763749
6.697174,6.789265
6.375821,0.760478
7.739123,8.474801
5.072957,5.588847
2.582451,8.212628
3.449244,9.462539
1.548152,1.933408
8.306684,8.174284
6.469489,3.182577
9.150261,2.569774
6.875697,6.230418
3.354094,3.257933
7.592224,1.416572
7.038545,6.196855
6.498339,6.556129
4.707727,0.637064
7.410962,1.537895
9.044180,3.572204
6.007518,6.966058
6.680526,6.525967
1.781992,2.638947
0.280893,5.643747
5.046202,5.408673
8.611943,2.284499
4.890276,0.389309
0.946355,2.970425
2.074500,1.655914
4.853455,9.237720
2.240412,8.443166
9.068671,6.044969
0.877624,6.577267
9.349278,5.976567
8.902577,7.100776
2.395566,1.180172
3.532151,5.990589
2.878350,0.959230
6.753901,6.263588
2.113879,1.974525
0.759657,5.072344
9.640536,5.620301
6.211580,6.880896
2.120386,1.393825
0.199458,4.554781
7.681664,8.665326
3.185142,9.018166
6.122042,9.219070
5.361999,2.883171
1.092079,3.300011
2.942613,6.202160
9.016495,6.917135
3.143067,6.277928
3.843039,6.753951
8.728715,2.122643
7.941921,1.715310
6.522288,0.632037
4.667965,5.087390
5.221518,2.766949
7.146515,8.684691
8.510305,7.698771
0.617417,4.877986
6.389191,9.228931
0.165176,5.739306
6.954049,6.685160
7.394336,1.788310
8.141420,2.917505
0.500968,4.866658
0.774827,6.504507
3.289111,2.996499
9.305276,5.015462
2.881058,6.138752
8.733107,7.388802
1.517975,8.348617
3.273077,6.569526
6.435542,9.071942
4.153734,6.698103
6.157158,7.213694
8.171794,7.742262
9.435952,4.552412
8.413173,7.683097
8.041150,8.310784
4.097025,0.456441
8.167141,8.958953
4.672169,9.643598
1.952275,1.347560
3.719732,0.730842
3.923505,6.465669
0.778271,5.864657
4.566993,5.022709
5.162747,4.415772
1.858781,8.450691
5.304548,4.529643
1.375833,1.860936
3.485147,6.568463
3.026717,6.432418
7.729707,8.337790
2.335333,1.166242
7.463268,0.823467
0.575897,4.765421
8.960221,7.464524
3.208228,1.197963
1.063723,6.354029
8.486065,2.437456
8.342425,7.837746
6.848770,6.297991
2.103402,1.736553
3.593076,0.997777
3.887160,6.084400
3.318537,2.901006
0.354157,4.434102
4.840087,9.395729
3.225419,6.605716
9.803066,4.471766
4.436792,2.894421
1.286765,7.475983
0.460432,5.012228
9.465708,4.403068
7.658920,1.379421
4.864953,4.910405
3.137044,6.476326
5.253479,0.414156
4.073026,9.664315
5.219749,9.749011
3.406790,5.824059
8.497901,8.169866
6.032235,6.701889
0.782892,6.639611
3.982508,6.888295
3.479728,9.299966
4.646379,0.347991
9.010282,2.987630
0.419532,5.119292
2.272490,7.974693
0.288091,5.616928
0.762417,3.610074
8.291360,7.929307
0.449579,3.615322
7.398549,8.621712
4.916697,4.908180
9.715667,5.416004
5.716004,0.645235
0.466074,6.469112
5.364422,2.662621
7.097970,6.613460
5.296201,2.784451
9.181906,5.790194
9.165418,6.222708
3.923205,6.611859
5.160726,5.011613
0.658671,3.797314
7.920317,8.393103
6.566313,3.037056
5.521118,9.532284
0.411068,4.698794
2.498017,1.612284
8.282448,1.686460
6.714283,6.677302
5.761342,2.589009
2.331892,1.101842
8.047422,1.856688
1.711522,2.361964
9.421540,5.470209
6.224132,6.452534
5.642031,9.452521
9.061244,4.671107
0.886354,7.296056
8.296049,1.513599
0.832403,7.200190
5.523315,9.411713
8.798515,2.821303
6.421081,2.958638
4.420138,9.638973
6.016450,6.930896
5.089873,0.344861
4.193944,2.692053
7.038273,3.186251
9.512629,5.008103
9.178878,3.042087
3.462352,9.227934
6.415583,7.153774
5.082628,0.281072
6.757083,6.541292
2.988621,8.933138
4.402282,9.281185
2.621778,8.910992
6.445780,6.425045
6.311811,6.331992
6.660764,6.108502
1.059011,3.564707
1.922161,1.691258
0.608651,5.240751
2.187886,0.969567
1.714060,8.126146
2.465859,0.849407
0.899936,6.585635
6.099662,2.735542
5.899480,5.988832
1.422913,3.397876
4.845473,0.531467
7.670311,1.377563
4.122246,0.743493
6.630015,9.371602
9.557790,5.542718
1.775795,7.969638
9.437156,4.439295
7.561000,1.132994
1.353142,7.904066
3.964222,6.507656
1.254865,7.288898
4.680797,5.351302
6.484976,6.285737
6.881542,8.822055
9.562948,5.845233
8.182892,7.643821
2.635588,0.982841
8.455282,2.253556
7.002351,6.370182
1.519904,2.456253
3.432006,6.624244
3.201599,1.056090
9.157555,5.616655
0.608608,5.224938
5.391369,0.446862
6.351796,9.090309
4.850880,2.752062
3.919071,2.807960
9.727091,7.011069
6.517243,9.183517
6.682741,6.373411
6.740339,6.191072
3.681000,0.872550
7.736596,8.657064
0.555117,4.780324
9.670511,5.437390
2.170351,1.670142
1.426487,7.282159
6.254455,6.193590
3.685307,6.717147
1.213897,7.427508
1.209628,3.178245
1.093303,6.843239
5.592619,9.775874
8.191652,1.010407
3.314856,1.356585
9.318387,3.208426
4.579284,9.744744
9.387425,5.000000
5.216100,9.333084
9.127358,7.298852
6.905406,6.307792
9.666679,6.342583
9.435840,3.558268
4.942128,0.555041
6.817164,6.320719
8.271607,7.737427
4.851614,4.757159
1.895158,8.029111
7.950012,1.621778
1.599221,8.722373
3.296255,9.122361
1.799871,8.658010
1.762897,1.853179
8.433645,8.044909
6.147692,6.258702
8.766459,7.458085
8.052888,1.334687
3.708542,6.398559
6.638048,6.671044
1.369717,7.837980
5.855841,2.949357
9.539375,4.209621
9.693560,4.949428
3.597951,6.537863
6.057067,2.736480
0.648229,3.777576
5.019781,4.563258
7.983993,8.622100
5.463374,2.877549
7.211566,3.108528
8.124806,7.474620
3.990383,0.587015
6.074180,9.352298
0.884121,3.567639
6.697007,2.965621
9.119994,3.537112
0.846148,6.658102
4.430860,9.620600
6.887458,9.291389
3.819360,6.233756
4.919909,5.435159
6.907189,0.767283
9.318764,6.403680
6.277167,6.776169
5.273151,2.518669
2.280670,8.319017
4.384298,0.346149
3.017033,2.996773
5.299955,4.333633
6.025982,6.533385
6.673283,6.322675
4.190140,0.847016
4.167118,6.668492
7.115809,8.986066
4.096446,0.984331
2.978337,6.032406
6.646512,6.712356
1.013812,2.331659
1.060704,2.504113
0.860829,3.181708
9.469336,3.920321
2.596749,8.707846
3.439935,9.218679
3.669709,6.384923
0.741405,5.976308
2.274930,9.012220
0.968758,2.702227
2.828111,3.457457
6.944428,8.896681
1.681663,8.123085
5.990961,6.294884
1.730182,2.386570
0.313255,3.665302
3.115857,3.041278
6.793565,6.508988
3.841231,6.629728
4.723360,0.756180
4.964407,4.821309
4.589778,5.320930
4.803975,3.942332
2.168160,8.369050
4.275059,9.755163
6.705932,8.628333
3.617365,6.350331
1.981113,1.434497
3.503666,0.694072
5.106201,0.699682
6.843208,6.345200
4.395807,9.111682
3.673528,9.176682
4.712056,0.183136
0.392194,4.463910
9.174338,4.601514
9.694223,4.974711
7.285363,1.396556
8.901678,6.393265
5.182840,0.320971
7.164569,8.595904
5.575968,0.425549
5.408546,0.616293
0.983287,6.859991
3.278065,8.982787
1.752386,1.715731
0.747637,5.302129
2.286456,1.311987
3.276980,9.147882
0.440020,5.447698
1.854079,8.204365
3.468889,0.619382
2.171982,8.688687
0.756801,5.727040
0.539939,3.901347
7.108858,6.679308
6.207572,8.962015
6.243703,9.419899
0.630299,6.026587
6.735899,3.028282
7.852521,1.673606
3.344824,6.216967
5.785078,6.604677
6.634829,6.595618
3.263842,6.808797
7.284322,8.331019
2.187155,1.701938
0.586991,3.099111
6.615655,6.605199
6.164321,6.570499
8.206121,1.786674
3.194946,6.640798
9.195058,6.892486
4.642475,9.390308
8.573991,1.876204
1.422330,7.376319
7.711741,8.232054
2.023051,1.584747
8.906285,2.139350
3.659976,9.299502
1.265144,2.239046
5.851044,7.088507
9.666634,3.720718
6.406353,6.840826
8.407449,7.485955
3.505509,0.436705
7.781736,8.816467
4.621366,5.021416
3.462637,3.218726
2.857463,8.925097
2.489263,8.324023
8.744046,6.737812
9.787005,5.596183
5.679041,2.612370
4.241898,6.741773
9.308663,4.048794
5.938644,7.006599
6.492889,6.579859
2.272526,8.544344
5.023248,2.706813
9.021522,7.072546
4.551959,0.328727
8.295148,8.326360
4.977536,2.694113
8.683012,7.927456
3.163026,6.223243
9.340914,2.841199
5.651537,4.634685
8.643825,8.138952
5.732654,2.850750
0.120585,4.494386
2.912572,8.666034
3.746116,6.147101
4.625659,9.137280
3.520235,0.931223
8.328653,7.795336
8.009884,1.627262
0.613067,4.385510
3.374979,9.322603
0.711820,2.967350
3.802388,6.534296
3.299844,6.504980
3.821153,6.489261
3.578491,6.482538
9.288123,7.171104
9.233621,2.969885
4.745308,0.466079
7.899280,1.843665
3.258628,6.168621
6.783505,0.394437
6.185642,6.955430
5.476276,8.895501
5.425392,4.793586
0.587418,4.137460
2.014321,1.315587
5.476745,6.887652
6.616881,6.723117
1.380207,7.675894
3.427702,6.681646
2.236854,8.826937
0.777761,5.353381
6.491181,6.751220
3.524044,6.827844
7.326485,1.389321
1.568235,7.742868
8.946704,2.573285
5.717479,0.377388
9.306221,4.767794
8.280824,1.566941
4.694628,5.575872
1.456662,7.852959
4.561566,5.258030
3.282123,7.172964
6.571310,6.779990
9.464832,4.719016
2.600631,1.283539
7.984531,8.296359
3.773603,6.534132
6.477477,3.072278
7.744496,1.740810
2.845204,5.856247
6.533277,6.556683
3.223401,6.491980
6.187664,0.690347
6.440222,6.141664
7.768473,8.538096
3.170830,5.973744
3.303673,0.677286
5.892755,6.880722
0.979071,7.187824
8.516288,3.274863
3.680771,6.559999
5.436705,2.828283
0.410916,5.160759
3.269847,0.749010
9.006024,6.636745
0.647276,5.160305
6.283022,0.817381
1.240232,7.605737
8.778723,2.667211
6.455958,3.004005
6.526317,6.671538
6.518836,2.845920
9.232150,6.571530
6.304357,6.466256
6.041058,2.746678
8.125256,1.978238
6.791129,1.136546
9.634499,4.741745
9.471231,5.970268
4.929531,4.820980
2.699753,6.240684
9.177241,6.250660
7.867399,8.624125
5.566571,0.626957
0.978272,3.181359
1.856292,1.692629
9.301401,5.780817
8.660691,2.438525
4.736384,9.546948
7.982103,7.925085
0.611811,4.457487
9.071694,3.611643
8.244402,8.125710
3.302163,9.171588
2.106843,2.363938
5.111268,2.902746
7.831487,2.182461
6.277896,6.908112
9.427119,5.543290
9.763711,5.179724
3.263915,6.718787
3.120607,3.256089
6.285412,0.671346
5.371917,2.563844
7.071364,3.096977
3.374762,5.812110
4.930448,5.468482
9.321339,3.216290
0.177472,5.942673
3.856792,0.716830
7.256181,5.839287
3.890756,8.849110
9.901112,5.317277
2.228976,1.465186
6.956537,3.297224
0.746955,5.225509
5.180594,2.702315
0.784099,3.897020
6.913764,5.716542
6.605134,9.235036
3.296749,9.340358
5.637367,9.364680
4.277609,9.468762
4.175360,9.228776
5.021518,9.357391
3.584441,9.121163
1.311200,2.190257
4.601316,0.210606
4.877787,4.368641
6.271341,6.603668
4.785152,9.387153
0.525510,5.717134
3.847128,2.933109
3.375384,1.089007
6.878829,0.850135
3.407586,6.583229
7.018242,5.746775
6.059359,0.674379
6.843883,1.114560
3.198009,0.790606
5.911881,9.211289
6.836455,0.844837
6.014651,0.546624
7.108246,0.658563
0.834205,6.284002
1.511856,2.181143
3.217855,6.183691
5.492284,9.648964
1.225335,6.569974
1.931429,1.874423
8.597271,7.674259
5.365508,9.751936
3.050869,6.230266
3.117985,9.227415
4.838923,2.635028
5.053134,3.707563
1.142876,7.071844
6.464902,9.277314
3.186626,0.846730
6.248704,6.443335
3.283172,2.914393
8.143398,2.110001
8.094989,1.618435
3.901146,6.435246
6.231035,6.568376
9.425351,6.482383
8.898278,7.339438
5.343682,9.365640
2.086067,8.367298
5.562455,0.834936
0.804291,3.480467
8.049392,8.213918
7.092480,6.031571
0.383850,5.278026
2.200867,1.902825
2.499442,8.450184
5.931854,9.666953
1.141240,2.882417
7.327561,1.133326
1.069984,2.674985
6.527405,3.174285
3.516436,6.675149
1.783951,1.884859
2.931930,6.575780
3.363236,6.136452
8.046757,8.401741
3.391854,6.187887
4.128787,9.186764
0.274757,6.615940
3.619975,6.124269
4.963579,2.614183
3.737298,9.210581
3.667190,6.886498
3.293244,3.167063
9.001398,6.719331
3.381629,9.400622
6.245513,9.488087
3.392222,6.481687
7.625154,1.384739
2.407206,1.107800
2.526611,8.477992
3.872232,6.713009
0.695706,6.909299
5.377592,5.077088
6.275010,6.647485
3.807198,6.086978
2.474990,9.021105
2.812140,8.923939
4.649416,0.494992
8.447910,8.147189
6.349172,6.532545
0.433330,5.143554
6.517259,0.908375
0.711106,5.296985
3.449705,1.229759
2.519626,9.374393
8.472781,2.661761
2.274154,8.516029
9.663391,4.882738
3.052282,1.208160
2.132671,8.657664
6.088799,9.007035
2.941390,6.127088
4.762310,4.830190
7.067850,1.104286
8.342965,1.732710
7.157916,3.237064
7.866313,8.235174
7.651122,8.910894
3.325872,6.540009
0.677811,5.487134
8.616890,2.676400
9.473491,3.902298
6.914542,7.189212
7.465821,1.319929
9.408939,3.558253
7.183843,9.043830
2.181796,8.268518
8.714477,2.430586
1.143377,7.959520
8.631677,2.676103
3.679967,3.058321
4.004938,3.035426
7.659535,1.699925
9.262992,5.765940
5.642576,0.707525
1.055052,6.131110
7.232646,5.808814
3.441977,8.991340
3.428993,6.814971
3.650843,6.951725
3.923505,7.145485
6.651177,2.841357
3.093511,6.309154
4.024456,6.513490
4.961866,6.095362
1.317959,6.994871
3.679788,0.709887
6.871298,6.879802
9.402543,2.927644
6.736032,6.654331
0.272196,3.781218
6.582185,6.371426
3.556957,6.680622
6.374144,6.901622
4.750848,4.020000
2.957415,6.302944
9.432514,4.737028
1.358365,8.131374
8.744525,7.794184
3.019335,6.199373
3.181035,6.880371
0.946156,2.359548
2.454770,8.880929
6.813220,6.542286
0.720939,4.780816
6.894780,1.236705
7.026418,1.295544
8.892333,2.958517
3.604837,2.761515
0.626035,4.298977
8.360740,8.320250
6.677408,6.320850
6.033545,6.276434
1.885142,2.068421
3.704488,6.777262
3.357394,6.930482
7.020803,6.439513
4.985470,5.326494
0.682218,3.418693
3.725604,9.608219
4.378483,4.986673
6.605402,6.278810
4.381744,9.370957
6.477913,2.772649
2.575605,8.474739
5.746253,1.001469
8.108731,8.521507
0.962248,6.149877
1.255582,2.936408
3.095578,6.346636
9.458959,6.205150
0.731063,6.502837
9.809567,4.575712
8.838999,2.514188
2.330415,8.456258
8.932485,3.234458
2.032250,1.704376
3.053539,0.606610
6.177428,6.531875
3.461061,0.906376
5.193871,4.885086
6.011638,0.632332
0.259813,4.257733
9.172762,5.657253
5.996985,0.660155
8.994547,2.812565
9.287450,4.261415
7.284273,1.281217
4.246054,0.587872
7.990157,8.326507
7.594513,8.573065
5.070252,2.917572
5.431963,2.953842
8.739928,6.952993
3.782694,5.998795
2.186040,7.582460
1.038587,6.808530
2.683503,1.112312
5.556393,9.355860
6.680254,1.045573
3.413522,6.637211
0.523243,3.620151
6.552172,6.826935
2.594767,8.460501
1.563364,2.171386
5.243303,2.638049
2.057033,1.408028
5.177331,5.113679
8.488971,7.835095
3.911265,0.672334
1.047242,2.312723
3.021775,3.264258
7.425281,0.938043
0.928179,2.717689
6.255538,7.001235
1.955870,7.523945
3.503731,6.334373
3.869217,0.939484
3.339756,6.218365
8.831621,7.143156
2.793124,3.455448
1.105069,6.587276
6.921021,1.115368
2.848650,1.041874
8.694472,1.863364
4.354193,0.312933
8.084136,8.394102
3.429830,6.540978
7.525040,1.456119
3.263925,6.547268
0.407276,5.417629
2.083444,8.358124
9.132479,7.282297
3.382811,6.636378
0.927529,2.951844
6.843759,6.594598
9.587333,3.768988
4.872415,0.628954
4.991217,5.029017
5.264003,5.564128
4.901683,2.510925
3.714833,6.464816
3.066050,9.065800
0.891152,2.628575
9.507435,4.256815
3.425345,6.599880
9.586327,6.081826
5.650709,2.940815
3.887520,6.904933
7.672900,1.262817
6.307509,6.433287
6.455494,9.176310
3.649791,6.512795
2.775394,1.457291
8.297108,8.487521
3.254024,6.618276
6.358537,6.557482
8.974957,3.540197
0.433029,5.867202
0.453302,4.254534
0.112124,4.978057
6.304823,5.961208
5.372065,4.769243
8.960187,7.395978
7.317653,8.945815
9.653584,5.452670
7.132174,9.253794
6.665504,1.099761
8.585238,7.489546
0.758879,5.988347
4.659991,2.800179
1.070522,7.479789
3.775682,2.849292
4.020835,6.371563
6.317412,3.009008
5.481827,4.882444
5.381280,5.760939
9.482726,4.027237
1.752155,8.368147
5.613508,0.330495
7.554960,8.465956
6.424245,6.505721
8.256671,7.522435
2.517998,1.496593
0.479432,5.207144
4.178363,9.424474
1.557180,7.671565
1.087719,7.410393
8.469863,7.318206
1.523641,7.727721
6.737507,0.390749
3.480689,6.847456
3.689197,2.922732
1.670471,8.044618
1.090761,7.772151
1.848543,2.138931
6.700579,6.718371
0.576741,3.584280
9.395060,5.379769
4.948311,6.214533
8.333162,1.410323
3.719616,6.441022
4.231182,9.598573
4.003006,2.991698
4.558087,0.639886
6.394307,6.310505
8.297786,8.098164
8.002139,1.421828
5.542592,4.600204
0.991221,7.228092
5.903645,9.246940
3.855832,7.070530
6.964447,8.972446
0.762542,7.445652
6.632404,5.891562
6.766785,8.959014
9.306000,3.634586
0.264825,4.586559
3.232975,0.567496
5.303118,4.552098
0.965873,7.525617
3.062420,6.859612
8.740355,6.752454
6.553667,6.114037
8.675664,2.358609
2.592384,6.304966
4.757297,2.954807
0.915464,3.196952
3.886775,2.699722
8.315109,1.885561
9.177058,6.715383
3.390647,6.424413
5.931454,0.622363
6.718443,2.846988
5.503801,2.666972
6.007045,6.577725
2.378285,8.644830
6.266737,6.765314
4.585027,7.060826
6.127686,2.721958
4.452166,2.847058
0.235303,5.554344
4.194734,2.599883
4.972531,4.840677
3.031250,0.955070
9.829744,6.249686
0.585253,6.563084
0.830644,4.231546
4.968420,9.137911
9.033796,6.784979
7.313842,1.478787
5.719677,6.347670
7.968980,1.562859
5.706057,1.018982
0.545620,6.173923
6.493398,6.733213
7.347985,8.761653
3.581387,6.503895
5.954312,6.947317
4.588898,4.459691
3.410085,6.433870
2.007237,1.929659
2.117793,8.609423
3.255204,6.597389
2.672609,9.209662
3.735066,6.305417
6.256420,2.914368
3.055952,5.939807
7.400671,1.389185
3.925538,0.855131
3.547732,6.853079
2.466358,8.773957
3.714810,6.757793
9.235418,3.470386
4.400608,9.726249
3.664179,7.169535
6.627329,0.706403
0.888505,3.947967
6.654708,6.521056
4.199574,9.267549
2.975549,9.047949
2.810473,6.045844
6.258689,9.295130
8.731107,7.753005
4.914297,5.072556
8.467747,2.253795
1.739698,1.738234
0.897902,6.345487
7.669715,1.711537
0.988341,6.822772
8.702253,7.741996
0.920237,5.164926
9.049021,5.145480
6.911178,9.181282
1.331711,7.651104
1.632240,2.268416
8.964629,2.947756
3.777520,9.483101
5.384302,0.432979
6.156413,6.856297
2.247897,8.322345
7.567721,1.730578
2.065843,2.022049
3.934346,6.707012
4.078256,6.553971
7.792123,1.927259
6.361549,6.383102
7.933366,1.783446
1.393637,2.510156
5.482007,2.961774
9.329153,3.712324
3.431967,7.075653
3.537264,6.598074
3.453849,6.612958
0.654206,3.812865
1.338222,7.905217
6.679718,8.856588
3.779230,6.912506
0.723426,3.407604
4.334115,5.029612
4.550108,0.787488
4.070380,6.881329
6.864307,3.172532
3.844753,6.333164
5.574590,0.686687
1.100376,2.286955
4.483820,9.385217
6.463042,1.076211
9.411217,3.289478
8.585792,2.054016
9.750122,3.361247
6.532123,6.641556
1.060028,7.388582
3.122848,1.071808
5.748924,1.103662
7.035587,6.076456
0.812538,6.381819
8.909831,3.475816
2.628054,6.145614
9.076347,2.815114
6.059295,0.928693
0.451241,4.396123
4.981204,5.064009
5.113416,9.592495
3.943879,2.846220
7.699768,8.818052
8.523291,7.071603
5.096152,6.080583
1.068748,6.610315
2.581167,8.821474
5.508694,2.636113
0.644323,5.875803
7.086322,1.086471
4.636224,2.920002
3.171705,8.623145
9.616472,3.508719
9.063633,7.379500
6.418826,9.426118
4.016451,2.815820
1.592440,1.861484
6.226985,0.785025
5.967781,7.354735
0.388085,4.175642
3.379140,6.583653
0.439646,4.302664
6.886275,3.030896
7.456704,1.417612
5.275410,5.072864
7.539775,9.036567
4.501733,4.734506
8.654148,6.720073
4.072976,6.763071
0.765683,6.083460
3.690803,0.799406
6.224574,2.886798
0.210297,3.400349
3.733407,6.710494
9.080668,2.878390
3.394386,0.325525
9.047843,3.505175
5.614931,2.937991
0.411108,4.566097
7.075589,1.221787
3.853741,9.294602
6.551819,6.535145
6.595682,6.088759
8.795231,2.939395
9.419734,6.632160
4.388693,0.787332
0.443103,3.772769
2.723895,6.215810
1.223643,3.389401
9.874767,4.499291
6.672842,6.123071
8.281209,7.550881
6.348826,0.712938
0.803863,7.035360
4.440332,0.586977
9.288326,4.012823
8.223878,8.361365
3.027523,9.108689
9.129470,6.618355
3.271197,0.685913
0.734637,5.003830
2.840830,1.044433
1.940431,1.438639
7.839293,1.261972
0.608365,4.108759
5.929606,2.647174
9.031240,6.950907
3.029507,8.922436
3.157019,6.765599
5.484539,2.588886
3.212911,6.344865
6.634129,7.220664
3.371368,6.456569
0.558669,4.279997
0.548647,3.260107
0.874269,6.328665
2.254584,8.230734
0.952137,6.624227
2.969776,9.152267
5.978453,0.809845
5.381943,5.170155
2.188201,8.406846
0.581035,4.861089
9.384890,5.570107
3.401933,2.858386
5.223630,0.348036
4.659314,2.594434
5.885005,0.439881
1.046151,2.867043
9.498800,3.972875
8.790969,7.925396
9.504758,3.704001
3.158766,6.437216
5.139856,9.386317
3.705622,6.444506
6.815874,6.926421
8.999604,7.630772
1.391655,7.549054
2.960710,8.626791
3.305920,2.976478
9.733207,6.089589
5.302398,9.338802
6.304424,6.766260
2.960389,1.011655
3.401531,9.370716
2.987333,5.971350
8.801456,1.956056
8.983926,4.067817
2.541742,9.142499
3.282935,6.395648
3.407240,3.230799
9.279502,6.562932
3.763410,6.712301
9.107029,2.702798
4.666214,2.678764
1.878407,1.583214
7.552613,1.205152
2.663384,1.141840
6.758474,8.671366
3.211617,0.628440
6.966743,5.953108
8.342584,2.293808
6.501862,6.747800
3.354552,6.392282
4.953270,5.107491
9.349651,4.170017
6.193334,2.873582
1.348780,7.719460
0.975170,6.344201
9.229109,6.408206
5.554699,2.861287
3.638888,3.140395
7.121093,6.899393
0.748890,3.739691
5.958439,9.137985
2.756880,0.959914
6.687886,6.120934
7.284145,0.980092
9.122730,5.802039
3.377254,8.627495
8.316875,8.149909
2.053966,1.752026
6.690192,6.214496
1.121100,6.898721
3.255825,6.308332
3.043708,0.750330
7.243056,1.068858
6.198473,0.711319
6.634407,3.036454
0.331625,4.786083
9.134920,7.511848
8.024730,8.591979
0.526831,5.659364
1.373017,3.367703
6.342766,0.785134
6.068384,0.832397
5.323328,0.589336
7.181400,3.313348
5.745237,9.158488
3.302716,0.720112
5.288870,9.493582
3.092151,5.582943
9.298986,5.860389
3.987955,0.718109
3.344451,6.799114
0.830486,6.647018
4.917995,6.082884
5.699490,5.978983
1.747849,8.038843
3.817302,6.819703
9.826872,4.626548
7.593683,8.682034
5.113301,0.723341
2.812819,8.793551
4.919784,3.986665
9.274157,6.440278
2.283390,8.664536
0.462234,5.470211
9.523083,5.260195
8.985157,3.512038
9.234761,6.193659
4.879406,5.820587
9.456575,5.784210
6.685550,6.327743
3.584906,0.806803
0.431742,5.308088
5.270120,5.448366
4.083755,2.866040
9.584677,6.203860
6.232930,2.942653
0.176228,4.535147
6.571819,6.422399
3.113852,3.132925
6.131910,6.702125
8.054914,2.024948
1.001737,7.028858
3.294876,5.769032
3.057468,6.491257
1.741782,8.088646
1.682895,7.740238
9.271180,4.553536
6.672984,6.729132
9.348440,4.466365
1.891861,2.157828
9.436442,4.808684
4.299754,2.766303
0.676044,5.901786
6.689980,2.964901
7.172448,8.668371
9.623764,4.734013
0.632063,6.142757
0.724532,4.765602
1.154762,7.182614
4.174131,2.696785
4.206810,9.358428
9.201136,6.814099
0.722089,3.519857
2.838810,6.047252
8.327780,7.835611
3.428143,6.538630
3.443238,6.649097
6.470632,0.655113
8.810635,7.477169
0.742818,3.397392
7.083589,9.047411
3.409005,0.697682
4.457203,1.007540
4.911448,4.544823
9.598389,5.472321
4.593366,4.489911
2.765549,9.200470
9.263526,3.076626
9.071228,5.197545
4.966164,5.937793
5.530187,2.939659
2.666563,9.030481
0.542783,5.996600
5.022822,4.746028
2.409428,8.560908
1.024742,2.901352
6.375251,3.126227
3.604301,6.650596
6.024024,9.117283
0.551319,5.043938
5.454623,4.668968
1.417295,7.278982
8.551969,7.939626
9.353398,6.354677
0.437574,4.293960
2.610462,6.336857
3.354284,6.625445
7.209248,3.496342
6.642118,6.827207
1.471028,2.535409
0.899153,7.183819
1.061776,3.361999
8.031911,8.312646
7.169666,3.260033
0.813657,3.034003
0.330394,4.499170
3.456091,0.731000
1.596865,2.136901
8.468477,8.154563
4.800962,9.764588
2.886368,0.451614
6.985142,5.722524
5.228709,0.722915
6.045619,2.827081
4.633091,4.675885
6.442014,6.617356
9.409061,5.784014
3.462206,6.705560
9.421757,5.047643
2.897275,9.242477
9.615003,3.708102
1.149168,7.391656
8.370591,8.021586
5.454023,4.901105
5.417283,4.937305
3.000712,6.370846
3.473018,2.874646
6.693280,1.131264
1.032959,7.140074
7.615342,1.229990
6.439836,9.037818
4.878844,4.234119
4.706808,5.031764
7.943823,8.058355
9.245013,3.893474
3.434363,6.608579
2.427383,8.861911
8.262558,2.011240
6.685370,8.907841
0.829705,5.584145
1.181083,6.894929
6.055278,9.446967
8.150285,1.831276
3.597606,6.390012
6.085689,5.910044
6.148505,0.486176
2.070117,0.972687
8.016042,8.099787
6.626916,3.075417
0.952650,3.558813
4.221231,6.405054
6.955690,1.470139
8.518566,7.528498
4.456898,7.202012
9.453731,5.958100
2.215844,7.815580
7.198952,3.256531
4.687503,4.217824
9.446178,4.043525
5.722082,6.609777
3.803625,6.726960
9.574947,5.949847
3.429281,2.891829
6.044001,0.669838
4.018615,6.227019
9.722845,5.717844
6.779273,0.993687
6.933600,0.887440
1.665901,8.383862
4.800390,5.007002
5.739180,6.591747
8.042925,1.982920
6.635807,6.284690
9.402274,3.238151
5.461260,0.923830
9.629200,3.951845
2.809255,6.320383
6.633803,0.469723
3.675941,6.898614
1.527992,7.595687
7.749392,1.433803
9.346306,4.178741
4.858206,0.674830
4.698219,0.831951
6.967002,1.004346
4.708332,5.312343
6.973163,6.159524
5.193450,0.819332
5.326793,0.848895
6.016460,0.750596
3.390576,9.257887
6.735240,6.055270
3.479275,6.130160
9.295869,3.404810
8.030085,1.555132
6.142380,6.743989
5.140675,0.588001
3.995527,2.697323
3.311648,9.257365
9.725940,3.822342
3.699709,0.905755
4.893933,2.819612
3.673227,0.632832
5.966288,2.921451
0.570080,5.596197
0.591110,3.897142
3.908766,0.190563
2.607110,1.463213
9.040432,7.128419
6.295696,6.341519
4.269778,0.861121
7.470037,9.053778
5.512892,5.005953
8.943055,7.095248
3.225580,5.761518
1.107625,3.103340
3.057346,0.953431
3.166033,2.974606
3.225534,9.186592
3.355562,6.412942
4.871366,5.124969
5.007224,2.803161
3.905213,6.597578
2.412255,8.464627
7.650321,8.879640
3.491936,6.557396
3.124099,9.275524
4.797599,0.354962
0.533848,6.518384
0.899712,5.269132
0.782648,7.178265
9.162483,7.250335
7.873551,8.450000
9.241323,4.230089
3.828591,6.986889
9.375817,4.075091
3.916775,3.050063
1.106465,7.331839
6.113346,9.617780
1.809832,8.332202
3.367706,6.597452
7.767565,8.550054
7.421514,8.942210
4.374409,0.633740
2.504799,1.283302
0.318175,5.741744
1.668080,2.186582
5.668507,9.256645
7.499228,1.697384
1.861177,1.981436
6.500655,0.791623
4.863294,9.683539
5.849265,6.877629
6.712935,6.213205
5.395753,0.669405
2.316166,5.623362
5.168902,5.822056
1.640950,1.627350
7.401590,6.012640
6.508405,1.125507
9.251603,4.322503
2.788961,3.412323
6.555615,6.176967
1.435546,2.453057
2.936357,0.641382
6.710136,5.906663
8.096557,8.346896
3.677366,6.584911
7.298543,9.238001
0.769089,2.824348
6.483433,9.356928
6.038710,2.770192
9.457162,3.234729
0.962028,2.158300
6.917784,8.775169
6.066371,9.458061
3.398760,6.263536
1.094596,2.505886
5.453209,2.970974
7.817429,8.969312
5.517172,2.614083
0.814796,7.067322
4.858035,9.330386
6.539762,6.623096
9.466998,6.096109
3.721895,9.346920
2.850078,0.940869
5.231852,2.516555
5.468300,5.046366
0.573698,6.603046
4.949742,0.522094
4.196792,6.550292
9.439305,5.772955
9.236433,4.510971
9.715290,4.205139
4.547210,0.366765
3.536385,2.942979
9.327421,5.858001
5.195946,5.207558
5.122222,9.320337
0.499588,5.109121
6.996592,6.154768
2.636526,1.175416
3.017763,9.206192
8.613028,2.373990
5.261204,9.304652
9.512834,4.155665
8.176160,1.349593
1.546730,1.667080
3.498308,0.442402
3.634720,3.002825
0.870562,7.275782
6.998510,6.269425
5.375061,9.363419
9.361283,5.799780
2.011901,8.330227
2.476966,8.802259
9.509435,5.885676
5.483894,2.744366
8.079393,2.117401
2.567667,8.446402
6.935109,8.843393
5.579880,2.855463
3.122627,1.377181
3.866067,5.999240
5.541610,2.929639
0.911597,7.037804
8.998568,7.331769
1.588594,8.222250
2.699265,1.740060
6.530720,0.396063
7.565088,8.466645
4.693986,4.558197
1.633230,2.755039
3.278961,6.561069
7.750929,8.413481
1.963213,1.279912
7.177700,6.139249
6.374506,5.951792
4.984585,1.184859
9.689682,4.364556
6.870511,0.705357
2.858393,6.464237
7.279754,8.897301
3.186330,9.215734
5.377262,0.788306
10.070133,4.423958
0.499663,4.850441
7.184511,9.224793
9.176923,3.533769
0.745522,4.820358
0.957331,6.630577
3.875230,2.686622
6.618635,0.929104
3.505449,6.710320
8.525592,2.589219
7.803786,1.508117
9.233911,2.611825
8.827814,2.674710
0.205855,4.494519
9.404880,3.885530
1.618725,7.058188
6.120688,6.655057
5.674849,2.814241
7.014578,9.055475
3.131867,3.177949
4.004399,0.421949
7.363741,6.142623
0.258676,4.970200
6.285732,6.926895
8.215317,1.384013
3.431970,9.125958
1.010840,6.253130
4.927817,0.654748
5.552149,2.952604
5.582039,2.931389
4.094137,9.927299
6.335029,5.778212
0.800587,6.394130
3.633951,6.385457
5.718974,9.687773
3.648642,6.502453
0.752032,6.226253
6.689059,3.212349
5.285301,0.433863
3.794009,6.518792
6.182778,6.617412
8.183431,2.052028
2.935869,3.189719
0.549575,3.663194
7.581860,1.362568
2.141448,1.536508
4.472929,0.783361
5.572239,9.237510
1.904357,2.054896
3.231119,0.516094
4.822639,4.823916
6.601394,6.268356
6.597284,6.391856
7.107330,8.819723
0.547032,6.768237
4.143817,0.958295
3.148143,0.899917
5.320282,0.153723
3.866927,1.068200
5.981802,2.803407
5.616093,5.093184
9.150876,3.517748
6.386743,6.734186
2.609390,1.689021
6.944120,6.364672
6.151808,2.877652
5.835562,6.842074
6.340261,8.959716
3.399059,6.380160
8.220847,7.961205
3.008632,3.262525
1.901314,8.271750
3.444367,9.582466
4.815430,9.235823
4.504981,9.271498
9.580590,3.691086
1.330220,7.288351
1.739874,2.186480
7.399788,1.201071
3.480740,0.304121
5.549551,2.910889
0.792690,7.012854
2.747468,0.837921
6.650299,5.995407
5.765901,9.410504
9.352321,3.410474
0.210154,5.064513
4.108811,0.557486
8.782340,5.477959
8.216159,1.434966
1.094241,3.053232
3.692463,9.276226
5.720788,2.788666
3.363483,6.520400
5.176180,4.506341
3.354447,6.375522
3.571280,3.062677
3.556796,3.154844
4.114529,9.107146
4.232618,2.976992
3.082256,5.903876
6.808242,0.545696
4.034096,9.292773
6.736359,0.744709
5.596123,5.674516
0.544833,3.304568
0.646350,5.340772
5.001045,4.645945
4.170592,2.681909
8.912221,7.779548
6.805872,0.894107
8.690610,2.130842
5.211014,9.389515
9.293971,3.006938
3.066500,9.121953
0.736615,6.389915
1.125457,6.983609
0.519280,4.915506
5.251011,9.263281
9.456655,4.727564
1.057177,3.069989
1.474765,8.154513
5.924737,9.308051
4.954572,2.557005
8.742495,7.813651
3.375397,2.823945
6.222553,6.725709
1.163361,3.339206
3.667920,6.655446
5.550181,0.431943
1.966685,7.927602
9.004798,6.695293
3.577674,6.323174
0.559736,7.065812
4.614743,9.435363
2.006797,8.229365
3.586618,6.629846
4.660023,4.750006
5.065545,4.987264
2.913829,3.440956
9.076074,3.099172
6.843479,9.253426
1.319050,2.695494
1.289722,2.056304
5.245881,2.507381
6.498588,2.820933
4.261336,9.322697
3.242278,0.832099
9.351354,5.328802
0.432790,4.889260
4.927233,5.022686
2.260284,1.318134
6.149035,6.427051
4.804142,5.533340
6.379503,6.353640
1.886286,1.676706
9.157988,3.697936
3.774072,6.486540
3.602479,6.285990
6.282736,3.095477
0.452869,4.644084
6.824334,5.829236
6.914325,6.055259
2.360775,8.256879
8.936878,2.834947
4.989967,9.469538
9.075627,7.109701
1.097738,6.525271
8.011656,8.073119
7.814655,8.479747
6.196826,0.563934
2.377963,1.382203
8.869856,2.364000
0.747097,6.868253
3.172725,6.394425
9.596818,6.023481
9.315092,3.899998
4.948053,6.117267
6.264224,6.506019
8.642383,7.115304
3.648933,2.799473
2.601679,0.991378
5.145325,5.144858
8.908529,2.508828
2.630782,8.788092
7.191393,1.191244
4.960493,9.190527
3.082706,6.480645
5.680572,9.780561
4.013177,9.422813
0.561517,5.809818
3.001718,9.181672
2.904788,1.078281
0.938987,2.883975
2.767870,3.406410
7.488918,1.028458
1.419923,2.252698
0.394920,3.715338
1.881310,2.189045
8.902310,7.597000
6.342263,7.347570
9.077403,3.519171
4.018437,9.087290
4.407762,2.962958
6.362644,6.301970
9.420225,3.607096
9.476442,4.991962
8.742521,2.528687
6.454599,0.347589
2.790357,1.467048
0.673063,4.073241
9.508943,5.226900
6.335837,6.350049
0.922072,3.102763
9.689686,5.669783
6.567000,6.282459
6.173221,2.756915
6.799528,1.154679
6.734406,8.723566
3.115276,9.274754
2.051182,1.279838
5.256747,2.914534
6.369480,6.230157
3.529098,6.195729
9.495133,4.341522
4.639447,2.757930
7.574592,8.402207
0.227439,4.453426
5.798905,9.367567
0.980982,2.563496
9.099876,3.634826
6.679377,0.640096
-0.040665,5.613991
4.207160,0.972803
8.901891,6.577870
5.881987,0.541112
6.044064,7.081974
5.725618,8.812005
3.638632,9.599567
9.177650,6.441255
1.653858,2.205312
0.791980,4.051181
0.577708,4.621878
3.533452,6.151370
0.426093,4.063213
1.635388,7.820386
9.271307,3.209951
7.699328,8.361790
4.989549,0.343855
5.028795,4.015765
5.419146,9.249549
5.079708,9.552141
0.492905,5.839073
8.875211,3.064113
4.866263,5.503595
6.491869,0.694456
1.605028,7.361949
6.849030,6.802955
5.483260,5.426997
9.187209,4.721387
0.435204,5.909326
0.561001,4.956157
8.449224,2.092833
3.161617,6.313548
4.853131,0.260120
1.153391,3.285448
5.351318,4.641710
5.973990,9.171042
0.945831,6.178200
1.091175,7.321964
8.310255,1.810846
5.340475,5.145345
1.294286,7.404233
1.961240,1.588743
7.816178,8.393491
5.785336,9.885986
8.699628,7.320826
6.069363,6.464650
1.617516,2.038227
0.664920,4.809156
3.382109,6.357108
6.569254,6.947593
6.614495,6.456341
1.821784,2.403177
7.725943,8.929441
9.101201,6.349272
1.763154,1.796404
6.979107,6.487484
6.304324,9.198226
3.795200,6.624328
2.213190,8.662102
6.066259,0.961499
9.468602,4.831410
6.281739,6.247535
6.536366,9.143153
2.260127,1.359042
9.556369,4.926356
6.735378,6.606828
1.290869,2.832551
1.492673,2.358219
2.965221,6.406748
1.974396,8.396488
3.165008,6.480847
6.237816,0.601022
9.397331,5.579756
2.879116,3.060882
3.783506,6.882832
2.494817,1.683330
3.043246,8.792658
4.174322,6.712405
8.855607,7.138430
2.721624,5.986889
5.048824,2.889476
6.550502,9.372972
5.329970,4.460473
7.862349,1.994046
7.095358,3.341795
6.676511,6.182043
2.982131,6.451173
3.495711,2.763203
0.114938,5.144783
7.929872,1.681100
7.841228,1.662593
7.695445,1.751993
1.864354,2.101504
6.484573,9.070615
4.468496,0.553393
7.561949,1.085921
2.097731,1.646181
3.646829,9.859090
0.673777,5.757269
7.299477,6.533539
4.060189,2.839839
3.409136,3.140330
5.194628,4.929206
0.789124,3.677221
6.182110,6.619868
6.014632,6.192403
4.534434,9.147554
9.009663,6.949359
6.552209,3.200655
4.707615,4.903008
4.958833,4.640151
1.697928,7.997806
3.220570,9.016384
5.191948,9.316039
3.370867,6.191926
5.592307,9.214792
7.381170,8.939705
8.740926,2.718285
6.232397,6.030599
6.602251,3.068018
5.411897,9.419665
3.119285,8.811735
6.164393,6.821025
8.135551,8.564770
3.688791,6.541911
5.417174,5.552810
0.764438,6.551196
7.804455,1.442320
6.864264,6.404552
1.081946,2.427905
5.273443,2.653961
6.462970,6.833951
6.132978,6.796761
2.822196,1.330104
3.405984,6.220755
9.822690,4.783351
8.646160,7.502845
2.963614,6.594147
2.960734,3.432658
7.755849,1.233278
3.135482,6.873545
4.709690,4.428286
1.452919,7.793518
5.483681,2.573315
3.915482,6.256750
8.537403,2.330584
3.740547,3.062723
1.108735,7.236541
6.676691,6.616960
3.832156,0.461360
6.586229,0.626266
9.399038,7.109436
8.520187,2.782920
4.832691,5.613854
2.921561,3.098180
2.565516,9.187656
0.610789,6.039491
6.681326,6.697172
5.067700,0.691648
5.917019,2.830337
6.783505,6.676408
3.226139,6.479215
3.906967,2.989375
9.383983,5.514040
6.620036,2.804278
1.003410,4.403551
6.813498,3.250510
0.892861,5.643138
4.874493,0.096332
9.197413,6.037953
1.449814,2.908292
6.638003,6.952473
1.082323,3.012034
2.074338,1.254091
0.585317,3.699817
3.174176,3.085896
6.608055,6.588988
1.422143,2.678719
6.922380,8.995141
0.402660,5.401406
6.038701,3.042013
1.664119,1.686507
3.002579,8.854479
9.656293,4.572375
9.248698,4.369826
5.197983,6.325362
1.590776,7.910297
9.540628,4.877666
5.552060,6.549334
3.304260,3.007320
2.648475,1.442358
4.312096,2.897394
4.193766,9.618166
6.566653,6.832056
5.276329,0.306701
6.537633,6.830133
4.594200,2.862446
3.478875,6.057520
0.693624,3.181601
7.898957,8.845170
3.659791,7.087465
2.080816,1.248518
7.206216,0.932230
0.442076,4.244287
5.843209,9.183853
5.185030,0.664112
3.143883,9.251165
3.232023,9.321682
2.551127,1.556481
9.277878,3.694058
1.350942,7.123564
2.314706,8.819365
5.802699,4.529345
6.336253,0.347466
3.392431,1.207177
3.782525,6.507830
5.150547,0.530374
8.142689,7.827477
0.437750,4.552079
3.675000,6.365371
0.887980,7.543652
6.700292,9.253998
6.031967,0.275161
3.234993,6.409511
2.642078,0.489580
4.314535,0.392778
6.756173,6.040777
6.194392,6.867350
3.938887,6.714238
6.526854,6.631911
1.966550,1.703545
8.617226,2.039055
8.456832,8.010462
6.949093,3.069621
3.337824,6.276840
5.270722,9.897806
0.383589,5.587568
8.617467,2.629878
4.769442,2.578288
0.994796,2.482468
6.216689,6.329106
5.499067,0.204757
4.056405,0.770931
6.869091,6.007521
2.822698,1.285500
5.499875,5.105687
1.330988,2.368382
5.469315,9.285041
6.505780,0.603329
5.084486,2.879887
6.067991,9.395012
1.313021,7.506588
4.882125,9.303340
1.270144,2.127102
1.482185,1.665268
3.240805,6.016190
5.854558,0.375119
1.908628,1.628471
8.159984,2.258018
5.119609,9.514770
3.346432,9.281436
0.813865,3.285280
4.931623,9.116164
0.979095,2.895684
5.474108,2.674712
5.532321,5.947953
4.136559,6.901019
8.354094,2.025637
1.850562,8.313399
2.861082,0.944053
1.480911,7.823033
4.570497,9.314889
8.334540,8.414839
8.973762,7.102423
4.232856,0.950050
5.925777,0.724534
7.755448,1.542959
8.171868,2.217612
0.585810,5.194327
2.767487,1.127823
4.648888,6.016448
1.073012,7.100294
0.406490,5.218753
7.470018,8.657858
6.318749,6.051359
4.922855,2.877594
5.905226,6.284620
8.547598,3.179752
4.678561,5.237657
1.774513,8.024794
4.583557,0.397408
7.403157,8.960001
5.446256,9.143231
3.506495,6.383270
8.894222,2.747783
7.925405,1.698130
6.163835,9.473100
0.690046,6.543422
8.367631,2.430109
4.975104,0.734177
5.921007,0.889532
6.111315,6.490789
4.295669,0.541373
1.066854,2.644438
2.770443,3.250588
1.232922,7.111498
9.820425,3.972069
7.947208,9.013132
2.214183,8.254517
6.398606,6.405624
1.712770,1.950420
6.018522,0.873214
3.947003,9.092304
2.362934,9.267312
4.209251,2.680209
3.893188,6.819819
5.640354,2.832409
3.002574,6.001058
3.013550,6.230978
7.022000,6.450698
6.386415,9.351879
6.583745,6.172078
4.722368,0.619794
6.906982,6.872460
9.546502,3.265136
9.429066,6.501341
5.690430,0.654684
3.436509,6.401576
8.302954,1.885795
8.934355,3.016879
3.007041,0.457679
6.790118,6.055957
6.243539,6.279750
4.678149,2.838421
7.186581,3.257680
5.997652,6.841387
0.656000,3.007370
4.908418,0.467255
0.771851,3.294611
0.345342,6.280493
6.141619,6.695520
4.013452,2.668870
6.065912,6.712574
8.277831,1.887169
7.322953,1.519651
4.632014,2.852671
2.182631,7.838953
3.544242,9.094083
9.087851,2.236950
8.175001,1.760202
5.816379,9.127207
6.899602,6.466797
5.261091,2.749194
9.638860,6.059102
1.140756,7.255168
8.153318,8.813659
0.531608,5.957057
3.176119,6.577377
7.489054,1.747392
6.611710,3.033101
6.185813,6.687393
3.409681,6.399260
4.543950,4.547394
0.820220,4.128282
9.564688,6.207378
0.633557,4.023696
4.501776,5.776857
3.432232,6.767747
6.792462,6.668606
9.482474,6.237455
9.581533,4.176827
9.602636,5.414364
4.007763,2.726407
4.227504,0.221282
5.261948,8.963613
2.480163,1.332615
4.276425,2.762278
6.666488,7.090051
1.623429,2.096549
4.619036,9.784315
6.653268,3.095194
6.523120,3.042746
4.285392,0.991697
6.445209,0.704840
8.515655,8.574541
4.767149,9.586174
8.941980,3.127116
2.454980,9.004902
9.530213,4.592156
2.935465,6.217232
1.642568,8.334899
6.209624,6.525296
5.704581,2.703446
2.633933,9.003508
0.552582,3.742087
3.134645,6.708653
6.988833,8.897679
0.794592,4.364666
0.914320,3.072315
3.197416,6.605699
3.560247,6.797878
-0.217800,4.534977
8.450510,1.711379
3.004603,8.767382
7.370674,8.404252
6.291555,6.763112
9.377917,6.200134
8.211697,1.651335
3.611954,9.264149
1.351380,2.147686
1.069174,2.597615
0.519793,4.641227
1.439912,2.699321
4.097974,9.374207
8.773846,7.329779
0.908896,3.779131
9.463816,3.166854
2.977000,0.805392
9.413398,5.908042
0.825543,3.580786
0.601778,3.924954
3.009757,3.332967
3.465383,0.505969
5.558688,9.252258
6.921021,6.079524
9.386628,6.539844
8.475333,2.196650
0.798480,4.295625
0.200078,4.380314
5.294423,4.797774
2.723680,8.698386
6.730045,8.821238
0.935023,7.454394
0.767336,5.600633
6.401921,6.237330
4.089923,6.994605
4.640280,2.668561
5.180336,5.717502
9.430063,5.191041
6.117822,6.574934
1.144191,7.551095
3.073545,6.121646
6.542182,6.338161
0.441367,4.963162
3.360665,6.748009
4.511435,0.501887
6.596697,1.126803
3.039236,6.100818
4.850633,2.815773
6.944787,1.085018
7.239233,9.093498
6.243446,9.106142
1.541969,7.825452
7.032202,9.146875
0.512921,4.005180
5.960920,0.638035
3.374673,3.189955
6.490669,6.697436
0.749689,4.459028
1.590627,7.344813
8.411825,1.985369
5.340488,0.237984
8.373980,2.444385
5.532353,9.704429
5.039441,9.623855
9.333023,6.162768
3.073657,8.869130
8.772741,7.433305
7.768984,1.513148
8.824939,2.374436
7.986570,8.420086
0.900768,4.052476
4.788663,9.480117
4.178684,9.056416
6.365888,6.339208
3.427203,6.634800
4.058553,3.018209
1.296384,7.227143
8.941273,2.869256
3.923420,6.667844
9.328987,6.981040
2.967349,1.459797
6.468149,6.246584
5.797245,2.749008
0.189357,5.185820
3.795937,0.389282
3.675737,6.713686
5.094498,9.477979
9.441347,6.072918
9.444135,4.784361
6.586987,6.687400
9.185897,6.562913
6.283013,9.155955
2.360330,8.901539
9.463050,5.313071
5.122241,4.916629
3.945880,0.194432
3.697102,0.997429
5.022756,4.884520
4.679948,9.652321
6.728266,6.712490
2.968002,6.380584
9.039013,6.692698
9.593979,3.026047
5.066932,0.190825
5.960212,0.406220
6.487526,6.124155
7.151800,9.143278
6.114624,9.447446
2.247306,1.689062
4.678282,9.335312
6.142198,6.160257
0.914282,3.487018
7.049769,6.770222
6.978332,6.325643
0.818587,6.827898
0.409793,5.965919
9.057282,3.018475
3.192477,3.301887
2.533759,1.149682
2.198444,1.977402
3.353217,6.364437
9.659565,4.958163
1.258900,2.275768
9.141404,3.185162
0.217703,5.696159
9.396299,5.459542
4.538407,9.723308
6.022636,2.876799
0.147014,5.039216
7.929048,8.032088
9.180187,3.918385
4.381386,4.714366
9.678549,4.764565
0.776482,5.307703
5.698943,0.549558
9.288060,5.494988
3.717442,2.992309
4.900246,5.297964
2.519590,1.525362
3.352349,9.289015
0.747411,6.047546
3.850733,0.785387
7.488120,8.614267
9.215629,3.400057
6.128050,3.011102
3.670162,9.110394
5.284187,2.934760
7.020896,8.632150
3.836108,6.784556
1.421996,7.684960
1.718602,2.188621
5.284407,0.312963
9.716746,6.347821
4.371894,5.012032
7.125857,1.525142
5.457599,9.474823
3.326367,2.851859
3.764362,6.271766
8.884753,8.042536
2.916876,6.292423
6.776827,1.112651
4.701429,9.848444
6.511399,6.506839
3.571786,8.819902
3.165372,6.421062
9.486755,4.060056
5.625091,3.977842
0.665040,5.977441
7.898508,1.442790
8.245313,8.027000
0.582972,4.988102
6.797992,0.851526
3.179569,0.639734
7.596766,1.490545
0.616554,6.290983
8.375608,2.673943
6.588413,9.404417
2.112783,1.770558
5.380283,5.392845
1.157948,7.108414
4.287630,9.457569
3.482843,6.682316
0.751899,7.126935
7.067158,6.589169
8.590168,7.483426
3.306047,9.227123
1.101646,3.074371
2.055657,1.202134
6.676749,0.953253
5.029269,5.063498
3.103145,3.312679
5.664668,2.595494
0.551438,4.237773
6.481779,6.643157
4.164063,2.766778
6.801461,6.199617
6.968539,3.286611
6.654128,3.145356
2.953059,6.779621
6.585932,6.926122
3.136223,3.276179
4.554137,4.402485
9.158008,3.598861
1.713366,1.781991
5.828890,0.962128
6.401281,6.359833
5.227019,9.393419
9.279565,4.575953
8.236482,2.311665
4.898796,4.795123
4.467263,2.928300
7.266298,9.288155
1.360460,2.379610
1.722617,1.697509
7.214104,3.264537
2.959790,6.162429
1.671906,7.709333
4.515296,0.383033
5.887008,9.526962
0.693423,6.746020
5.374583,9.181785
7.118978,3.170689
7.692024,8.530961
3.332840,6.715157
7.074134,3.429101
6.539590,6.878095
2.478475,8.532233
0.350540,3.456462
7.162587,8.727654
5.110353,4.524725
2.485261,6.444863
4.439623,0.644071
4.096489,7.006921
6.872963,1.178067
6.412249,6.576562
7.349463,6.423314
7.996438,8.321479
6.442540,6.382512
5.870091,6.484172
9.137260,6.595750
1.957354,8.294555
6.256404,7.113342
5.510933,5.080088
5.089844,5.386571
4.156697,2.778846
7.772455,7.975087
3.800042,6.705633
7.441180,9.105317
6.676485,6.467424
3.055997,3.252193
4.210561,9.167651
0.982118,2.804474
2.663385,8.706290
3.187066,1.135076
5.176760,9.523438
9.190438,3.383738
0.763171,4.234833
0.644578,6.006741
2.898607,1.083649
2.544853,8.773050
5.952102,9.359181
3.602484,0.572075
9.554842,4.449336
1.178665,7.260718
9.666158,3.464860
2.446090,1.297289
8.723953,2.801404
1.442494,2.017921
7.120322,1.056874
1.630813,7.855266
5.377250,0.418334
6.631003,6.424368
9.759853,4.657518
4.479805,2.905195
6.628333,6.153388
4.274157,0.705898
1.353145,6.066934
6.300199,0.788376
8.726234,2.634415
4.728796,0.322170
6.772990,2.958560
9.396628,6.420263
9.260046,3.682758
9.286758,6.724555
6.578214,1.009910
8.155593,1.970757
8.490832,2.163393
1.533388,7.680067
6.348289,1.086125
6.214917,6.904417
5.005708,2.704700
1.451096,2.435177
8.498741,2.114995
1.574282,2.341706
6.131956,6.266771
4.774869,9.282277
4.422249,9.307486
8.219313,8.146437
2.379087,1.812796
5.944303,0.314535
8.513832,2.237775
2.863966,8.847214
1.687797,7.931907
0.982160,6.957796
8.202665,1.575610
8.256578,8.081544
1.919263,8.534322
6.731843,9.594226
9.868640,4.544056
9.386575,4.284832
1.912871,1.119682
3.947991,2.851779
6.308040,6.329268
9.590375,4.553479
1.695704,8.414398
6.818012,6.190305
3.824927,6.365229
8.661579,7.581735
6.408269,6.006083
6.429602,6.022328
8.864600,2.964206
7.311597,8.531598
6.150535,6.565332
6.859564,6.560847
6.457726,6.393267
7.035354,9.172249
3.239317,6.686856
7.075822,0.985409
0.681311,3.240033
6.126251,9.598759
1.069730,7.590225
6.409857,6.296276
4.993983,2.627722
5.804605,0.773042
3.497052,9.401289
0.724740,6.044991
6.213365,2.861714
2.655277,1.112719
4.972960,9.633179
6.705247,0.549121
6.911705,6.303143
0.502848,6.167938
1.066550,6.761733
7.074076,1.806308
0.677070,3.624945
6.565161,6.845907
9.075585,3.143766
1.994222,8.398729
3.174142,6.404627
1.002934,2.654657
6.313003,2.798646
6.149714,0.707926
2.048074,8.436065
3.333485,6.748853
2.760155,6.521202
0.894947,6.982081
9.427407,5.746332
5.637147,0.011936
9.282663,6.091735
3.052296,5.858053
8.923323,7.212984
9.173112,6.339789
6.113270,9.216554
3.399304,1.046770
6.610094,6.115537
4.184412,6.433404
4.912356,9.337851
0.460642,6.275118
7.504086,8.582097
5.198604,4.579341
1.751150,7.960148
3.788462,0.986239
8.982837,4.210320
1.642146,7.794249
5.552429,6.943178
6.833400,6.524079
9.393916,3.684468
9.522256,3.795153
3.221061,5.942984
7.759046,8.632379
2.641381,1.389493
5.010364,2.700179
4.736637,6.202433
9.641214,6.174265
5.182334,4.629139
6.129911,6.637955
2.697928,8.695479
9.683987,4.493373
4.776943,2.768175
-0.040862,5.549806
7.317918,9.011978
5.116338,5.021715
6.851102,9.069159
3.790834,9.806373
3.589360,1.032803
4.935991,9.916335
6.804292,3.048542
6.116048,9.049784
0.684185,4.740063
0.568822,6.227577
4.565078,5.757847
6.992857,3.016568
3.302797,8.906310
1.366236,7.646070
8.030698,8.171327
4.679424,0.340067
2.980536,8.779937
2.882883,6.172506
8.628746,7.637434
3.109757,6.707258
4.370722,0.492772
4.754340,2.756804
6.280115,6.637709
3.037469,6.086523
0.707564,4.531825
3.268276,7.008715
6.226161,6.309860
6.631081,6.615853
1.489757,8.129765
8.147539,8.065256
9.100702,6.590115
6.381069,6.653963
3.442660,6.055849
0.841392,4.508601
6.701575,9.191547
4.546887,2.610931
8.871076,7.285456
5.146843,0.119435
2.232324,1.482485
0.984285,2.824350
8.005800,8.190847
9.183134,3.788393
7.011709,1.057489
6.234331,6.678542
3.649405,9.388845
6.773149,3.147790
3.245562,9.202201
3.776316,6.847613
6.329146,6.281485
3.611177,6.653178
4.568810,4.313038
3.663691,0.455126
1.056910,7.838940
7.318004,6.775676
5.083275,9.313342
5.758787,9.563764
5.756196,0.780358
1.053863,3.441219
6.172182,0.946175
8.742710,6.576428
4.492837,2.777941
5.855242,9.055218
5.794612,9.257646
7.218982,1.222173
9.339078,3.717849
4.852853,2.519039
3.699916,7.111648
6.324516,6.227696
9.473598,4.295363
6.653291,9.246648
3.472485,6.903412
1.037641,6.860809
8.312903,8.056835
7.218313,1.192061
1.500973,2.344721
9.590067,4.361258
3.916598,6.867235
0.720966,5.940637
8.586118,2.117901
8.674940,7.360893
4.994254,2.543533
8.203192,8.198881
1.626269,7.869541
4.336426,0.594276
7.853403,8.728727
8.552672,7.601692
4.424447,2.882581
6.463712,6.196715
2.167084,1.516907
7.076452,6.481147
0.922525,6.835038
8.227636,7.988908
6.404788,0.562918
6.768111,6.782078
6.282766,8.723674
3.910766,0.603680
2.936104,1.170056
1.423923,7.594250
8.051523,8.532701
3.739303,6.801558
6.132509,8.622234
8.912727,2.091227
8.858000,6.698910
9.333359,5.626834
3.126848,9.555413
7.735914,1.542059
9.332131,5.179024
3.355282,0.741477
9.467040,4.863592
7.226936,1.389117
3.702812,9.269786
8.424940,7.470555
0.298350,5.606999
9.179241,5.346003
4.752368,2.884616
2.508357,6.416647
6.449932,0.559286
9.031043,2.940836
4.403640,9.328192
5.951302,0.489304
5.931579,6.785550
7.043796,1.115982
3.840571,0.624536
2.885928,9.061714
7.525488,0.821518
4.556781,9.372997
6.729239,3.184805
0.238529,6.328290
5.413663,9.272482
7.348349,8.838537
5.166766,4.900695
2.906714,3.321842
8.032028,8.918230
9.502760,4.414568
0.559364,4.065555
9.125911,3.200776
1.117821,2.932628
4.112084,0.614654
5.397092,9.345246
3.046579,9.050339
2.063058,8.637605
3.850059,2.749871
3.013286,6.712720
5.382980,4.860146
6.532235,6.564286
4.890012,2.943701
4.051804,6.738069
0.800303,2.934893
0.622355,4.136125
1.691285,7.673856
1.691542,2.081988
6.035132,0.838055
3.312131,2.901889
7.042788,6.771976
0.775300,3.080429
9.428860,5.738401
7.807248,8.641241
4.293640,6.932605
2.576406,5.664406
0.307932,4.700486
3.620163,6.956563
7.668698,8.982851
7.141526,8.768909
5.124409,2.514324
4.977980,2.870820
3.434626,6.258531
4.129020,6.878696
3.122982,3.250135
6.322574,9.177405
4.300028,0.990512
6.282469,6.100196
1.793242,8.535420
5.049406,0.924136
3.271394,6.043109
3.919285,6.426394
6.840112,6.472144
3.952074,9.542891
3.826889,0.901624
3.880854,6.806717
0.877974,3.354603
2.142932,1.686407
7.153023,6.148484
9.294048,5.629022
0.793995,3.382071
3.443094,9.187009
5.427822,2.622409
6.868884,6.351181
6.627684,0.841230
4.471868,0.295076
5.266049,6.623006
3.337993,6.619416
3.302799,6.476047
2.568905,1.420610
3.297359,1.212170
9.841518,5.252353
1.886765,8.322784
6.205574,6.482839
3.218834,5.796618
6.821236,6.269308
0.939890,2.646975
2.852906,3.144428
9.256567,4.469879
7.498679,0.964733
1.244706,2.367303
1.511591,1.912118
4.586427,9.481190
5.911203,0.601258
3.333736,9.136500
3.188845,6.116011
3.180133,6.867044
3.864464,6.844882
6.851637,1.080064
0.838669,3.806847
2.120920,2.469870
8.346888,1.956021
5.228995,5.510233
2.481901,0.908790
5.577701,0.889148
0.763587,5.655589
3.666377,2.909087
3.622689,9.283376
6.927983,0.821705
3.266874,1.107023
5.184254,0.492263
5.044790,0.662268
1.025050,6.078165
3.808892,9.844754
4.675970,2.622052
6.648282,9.396460
1.281421,7.518319
5.966991,2.685905
5.845264,9.155508
1.946046,1.855605
0.455130,6.418736
7.891576,1.277106
9.747586,5.651974
5.541461,2.714972
3.982315,2.700176
5.659074,0.248200
7.429239,8.876313
8.932854,6.920756
3.283093,6.359300
9.364127,6.221669
9.552051,3.908986
4.028762,9.280573
4.045531,6.507413
6.291138,9.495454
4.776933,0.445016
9.475814,6.856886
9.180163,4.849808
9.529447,5.730114
6.629244,9.543182
5.959344,2.792674
3.835787,6.231996
1.601660,7.932800
6.326687,9.324965
6.621508,8.893638
3.928806,7.007747
6.831400,1.193938
3.180085,6.659361
0.878424,4.062892
3.367204,6.661258
8.212869,1.733316
3.651107,6.530177
8.876541,7.177430
6.722376,6.846640
8.610186,7.817050
7.204177,1.454581
2.634025,8.593514
5.877547,9.565509
6.190600,6.418046
6.589576,8.741017
8.546815,7.491293
7.017014,8.988222
6.435734,2.752890
6.936515,6.457775
3.754202,6.317436
3.289108,0.321882
4.741151,4.614493
8.824326,7.706780
5.069617,9.430310
9.373526,3.276932
0.491936,5.974024
2.118962,8.378019
8.124066,1.913573
8.782957,7.984791
4.264311,2.775323
4.610917,0.425316
6.509322,6.684237
3.972580,0.192553
3.470094,6.567013
7.697531,1.461815
7.999293,1.332569
0.857846,5.048350
6.233368,6.577349
3.612729,0.685648
6.109772,6.815918
8.539550,2.690001
8.623380,7.623603
3.312642,0.811135
9.015227,5.339685
3.506166,8.847282
6.172634,9.608655
0.955268,2.260801
3.080247,6.145310
1.311615,2.941306
6.267618,9.443622
2.963814,0.797357
3.524421,6.369368
6.776615,6.276294
1.382500,7.061943
2.771859,1.167284
3.504565,6.285570
3.354039,5.973401
8.883177,6.948588
8.407708,8.212973
5.981135,0.657744
6.575410,6.553200
4.782817,0.395963
4.675642,9.479868
2.021366,1.680321
6.261800,3.009744
5.623190,2.727633
6.079726,9.180624
3.932556,6.815554
3.184526,6.278907
0.802204,2.831836
0.993298,6.872859
9.219909,6.059612
0.814490,5.517456
2.588603,6.981098
2.948160,8.415568
3.979886,0.268327
6.971259,8.440428
5.236091,4.836979
4.863178,2.770985
0.726256,3.615193
1.536725,2.118024
3.239449,6.820902
7.812208,8.151232
1.152760,2.610575
5.389483,5.394221
4.137114,6.317607
5.225736,0.473709
6.784292,6.136529
4.519978,0.653269
0.811204,2.798228
8.743122,7.366886
9.430466,5.302792
5.127661,2.567362
4.287500,2.621930
1.711257,8.373994
3.639452,6.702579
7.152607,6.201169
3.992154,6.730650
0.507713,5.498137
6.381787,6.874226
0.726811,2.812301
5.406296,0.723563
6.164459,6.630028
0.439388,4.117024
3.900484,2.825651
8.871713,7.012971
4.727959,4.520402
3.892615,6.783989
8.780310,3.327190
7.873807,8.351216
7.006611,0.810572
2.258807,8.509722
3.628586,9.428196
6.554744,6.832151
7.130211,8.961518
6.429047,6.467691
0.356881,5.616404
6.249132,6.725783
6.497042,6.446745
0.568090,5.507561
7.001784,9.141110
5.432791,2.935591
1.564981,1.937306
1.006329,7.099207
5.030355,9.507651
5.229491,4.859515
2.735352,8.944264
5.672400,0.615892
2.920032,3.423388
1.067878,7.213296
5.663970,0.395328
6.835730,9.363812
8.271840,7.870085
7.239196,0.889053
5.663922,0.618682
0.354073,6.386439
9.114900,3.161432
1.895563,1.674659
5.158868,4.292290
4.186032,2.976393
4.468541,0.484978
6.052030,0.670671
6.498077,6.402942
3.232021,6.674531
3.137198,0.934213
8.746837,8.022357
3.699827,7.063917
0.976938,3.672431
8.991619,2.672283
7.914433,7.817921
6.286988,6.545112
2.861027,6.112918
7.038479,3.350076
7.351196,8.921859
8.759938,7.041443
8.365795,1.960841
6.312668,9.633065
4.871225,4.486291
0.825136,5.684501
7.977810,1.318545
3.240327,9.131027
3.422940,7.084125
0.667171,6.116961
3.545864,6.678990
9.373549,5.275239
5.365766,9.167551
5.885889,7.309690
0.730265,5.426944
4.637779,5.356503
2.844719,3.080823
0.691251,5.143192
5.950752,9.243216
6.377612,6.660304
4.916432,0.460280
4.153214,6.727387
1.483472,7.883794
4.467278,4.904438
9.036607,3.091035
4.231259,3.009732
0.910795,6.423079
7.143898,1.195167
6.305559,6.869318
4.467881,2.725391
9.381583,6.294711
3.330135,8.959574
9.236419,3.277993
4.342442,0.788400
3.252508,6.447995
0.666949,5.766485
0.674105,4.433613
3.439453,9.315003
8.697834,3.489173
9.105171,5.022115
4.292075,0.765648
9.274329,6.296473
0.823749,4.276710
0.889877,3.033642
5.873160,9.632376
6.611348,6.389067
1.463427,7.868508
6.516076,6.611486
4.082430,2.612460
5.476454,0.576396
0.861156,6.243214
0.686400,6.904164
8.840912,2.393800
9.456845,4.815822
9.506215,4.846195
6.379899,5.994463
5.994522,3.030875
0.534316,4.545362
3.634813,6.836256
2.984968,3.039323
0.595952,2.165117
6.048612,9.602434
9.420081,5.198563
4.737415,2.670204
2.329713,1.477914
6.290372,6.553961
3.114268,6.475528
6.436870,6.196569
2.374537,0.884853
9.189788,5.331731
8.923021,6.496955
3.491339,9.195076
4.752086,9.559457
7.325919,0.819632
0.735766,7.030685
5.693683,5.125983
0.573205,4.996025
8.024870,1.485417
2.313814,2.143308
1.900373,1.495153
7.637818,1.240992
1.029755,6.560067
4.463306,9.490033
4.821461,0.533825
4.819867,5.029390
3.961734,6.425880
5.983586,2.998357
5.546655,9.538782
6.995750,1.018380
4.135649,0.770105
6.589163,6.550049
6.963322,9.275044
5.829070,9.723932
7.067618,3.300904
5.186650,9.373863
4.895075,4.047308
0.931813,2.493552
3.917028,9.439286
8.551069,2.369975
5.776550,9.202700
4.823962,0.161021
0.812665,5.335320
5.038269,0.513509
1.716754,7.969977
3.816526,0.690447
8.285584,7.850968
0.926704,2.540583
6.550922,9.048074
0.538748,4.366929
1.970498,8.724798
8.293813,1.927763
0.856925,3.860243
3.679644,9.550947
3.429143,3.185216
7.596271,1.286033
8.173752,1.714599
6.708833,6.575170
5.029939,2.852419
1.513173,2.223370
4.789952,9.629377
5.159700,4.157113
3.482422,2.953941
2.608711,0.782717
9.098976,2.639176
9.126079,3.601364
3.400526,0.527198
7.634090,1.506148
0.522088,6.881363
3.808269,6.615445
5.065157,4.920040
6.299024,6.906402
8.913312,6.859263
6.669329,6.093785
1.610978,8.402742
3.154580,6.549021
5.005554,9.123856
7.002305,6.107204
5.310667,9.575905
3.340034,6.778497
4.066131,9.221128
3.842872,6.771957
2.066778,1.497586
4.501323,4.232446
7.986139,1.760799
7.599252,8.648037
6.568366,0.576645
3.308710,6.176920
2.014468,1.562458
3.406269,8.997803
4.911060,4.607935
3.917792,6.781669
2.143494,8.882315
8.509837,2.199894
3.162118,1.703749
4.655074,9.432306
4.797994,2.620859
9.477168,6.866879
3.954087,2.737696
7.505497,1.065101
9.348848,4.129631
1.641519,2.526592
3.991565,6.870254
2.977904,3.205978
2.082559,1.478058
6.632250,6.738525
3.151547,6.594083
2.794592,1.328796
2.553384,8.789643
6.608851,6.420692
2.078712,8.174568
9.250927,5.898511
6.680177,3.245978
9.324964,4.968934
0.514923,3.493130
0.367727,6.418679
9.304295,5.395298
7.655532,8.457274
5.321077,9.379955
6.162889,6.638099
7.854164,1.522788
9.278066,2.667285
1.010178,6.667873
4.040188,9.697054
3.928492,6.738955
1.760954,8.395441
0.643009,6.631254
3.063155,1.127222
1.006689,7.343140
6.747798,6.792531
3.505634,6.681518
3.844723,6.704906
6.692260,6.729775
5.751183,0.379466
4.727283,0.571390
9.312379,3.555459
3.244596,3.283466
8.337097,8.101422
7.422872,8.505991
2.567393,8.609439
9.013529,6.933448
8.948037,6.449917
4.048590,0.699585
3.404374,6.614768
4.468051,2.928176
9.666057,5.977506
5.824798,5.278346
9.237167,5.343139
3.716939,6.490545
4.229951,7.079948
3.713055,2.728566
8.559589,7.924456
1.347432,2.978467
9.358345,4.369552
4.288181,0.386526
3.236633,0.921382
1.151374,2.571235
8.934022,6.956447
8.436020,7.896038
0.543382,4.827855
6.889114,5.653219
3.932056,6.737672
0.835641,6.856183
8.505122,8.487856
6.884370,6.322766
7.097374,8.706685
9.088452,3.225842
6.536333,6.617105
5.807017,0.302700
6.593739,6.818707
6.231525,0.825356
3.475526,6.582352
5.095040,4.670621
9.075168,6.682099
2.862756,6.038426
2.660145,1.501136
2.841238,1.095345
8.424523,7.896881
9.085823,3.927131
1.104967,3.145133
7.531892,1.616494
8.682811,7.799960
6.375398,6.727345
7.335386,1.554874
9.007154,3.870497
9.152845,2.888010
8.772492,7.700713
8.890467,2.559458
3.816379,6.699494
1.556944,1.771174
8.754994,2.625607
6.285965,6.700228
3.840794,7.000114
8.789085,2.735336
4.758268,3.724929
7.007472,6.939461
5.063488,6.015276
5.363629,4.404277
9.787750,5.223695
6.074106,2.993934
8.428526,1.673078
6.425677,6.606878
0.932191,2.814987
4.214876,9.545410
1.260312,7.503336
3.119353,6.500980
6.182140,6.175866
6.395578,6.158478
6.005745,6.777786
4.119530,2.997206
8.219930,8.169730
6.692318,9.147360
3.147791,6.158134
9.763706,3.894379
9.155667,5.646915
5.172526,9.628071
8.411224,2.483022
9.343267,3.369436
1.236902,7.528803
6.441561,6.254217
2.160064,1.765460
3.474646,0.425925
7.043194,1.013484
5.817282,0.664074
5.567540,9.380527
2.742071,1.530033
9.135668,7.121983
0.934284,3.027901
8.770756,2.320959
0.809507,4.709829
4.227100,0.753062
0.282600,4.944935
4.590702,5.149738
6.178071,6.643933
4.262385,6.835779
2.887727,6.165859
9.639934,5.074994
2.222475,1.350099
5.068545,2.902579
6.937631,1.412082
6.257403,9.319467
0.641011,3.724722
6.165375,6.785745
6.872554,6.548779
3.767028,0.778584
9.123059,3.789726
2.443467,8.237188
4.176607,0.429034
4.831079,4.514031
0.268151,5.089229
5.069659,3.926810
6.633350,9.129487
3.999338,6.573806
6.442079,6.414281
3.858668,2.898182
4.721818,2.817997
9.168381,7.186267
1.143297,7.366607
5.591725,9.441938
3.050225,6.498858
0.607489,4.687913
7.313489,1.203146
3.072838,9.070357
7.569116,8.564947
1.843767,8.344521
6.185429,6.740596
3.417780,6.452736
6.780845,0.590481
3.578853,0.712773
1.623752,2.418733
3.923465,2.918692
6.521304,6.399030
5.220438,4.884074
4.760602,0.284879
6.621289,6.498782
9.594163,4.511434
6.806726,6.213197
2.529472,8.981813
2.383621,1.687032
6.626508,6.294650
9.392293,6.349498
0.446055,4.905945
6.069635,6.721944
5.474280,2.535918
3.965337,0.758739
6.503799,3.102816
8.316037,1.994943
8.192342,8.042566
3.863549,6.435953
5.499707,4.744465
3.062952,0.927687
3.139754,8.984379
4.542455,9.358268
9.098614,3.016488
